Title,Sky Scanner MS-321LR Sky Luminance and Radiance distributions
Firmware,1.10
Date,2023/12/21
Comment,UBU
Longitude,-3 d 41.17 m
Latitude,+42 d 21.9 m
Timezone,UTC +1:00
Unit,kcd/m^2, W/(m^2*sr)
,,,1,2,3,4,5,6,7,8,9,10,11,12,13,14,15,16,17,18,19,20,21,22,23,24,25,26,27,28,29,30,31,32,33,34,35,36,37,38,39,40,41,42,43,44,45,46,47,48,49,50,51,52,53,54,55,56,57,58,59,60,61,62,63,64,65,66,67,68,69,70,71,72,73,74,75,76,77,78,79,80,81,82,83,84,85,86,87,88,89,90,91,92,93,94,95,96,97,98,99,100,101,102,103,104,105,106,107,108,109,110,111,112,113,114,115,116,117,118,119,120,121,122,123,124,125,126,127,128,129,130,131,132,133,134,135,136,137,138,139,140,141,142,143,144,145,,
L,06:40:00,06:44:34,0.01,0.01,0.01,0.01,0.01,0.01,0.01,0.01,0.01,0.01,0.01,0.01,0.01,0.02,0.01,0.01,0.01,0.01,0.01,0.01,0.01,0.01,0.01,0.01,0.01,0.01,0.01,0.02,0.01,0.01,0.02,0.01,0.01,0.02,0.01,0.01,0.01,0.01,0.01,0.02,0.01,0.01,0.02,0.01,0.01,0.01,0.01,0.01,0.01,0.01,0.02,0.01,0.01,0.01,0.01,0.01,0.01,0.01,0.01,0.01,0.01,0.01,0.01,0.01,0.01,0.01,0.01,0.01,0.01,0.01,0.01,0.01,0.01,0.01,0.01,0.01,0.01,0.01,0.01,0.01,0.01,0.01,0.01,0.01,0.01,0.01,0.01,0.01,0.01,0.01,0.01,0.01,0.01,0.01,0.01,0.01,0.01,0.01,0.01,0.01,0.01,0.01,0.01,0.01,0.01,0.01,0.01,0.01,0.01,0.01,0.01,0.01,0.01,0.01,0.01,0.01,0.01,0.01,0.01,0.01,0.01,0.01,0.01,0.01,0.01,0.01,0.01,0.01,0.01,0.01,0.01,0.01,0.01,0.01,0.01,0.01,0.01,0.01,0.02,0.01,0.01,0.01,0.02,0.01,0.01,-76.35,-20.34
R,06:40:00,06:44:34,-0.05,-0.01,-0.05,-0.01,0.02,-0.01,0.07,0.10,0.12,0.16,0.15,0.24,0.27,0.31,0.31,0.34,0.46,0.39,0.45,0.45,0.43,0.48,0.47,0.51,0.53,0.48,0.47,0.47,0.48,0.53,0.42,0.43,0.43,0.46,0.50,0.46,0.41,0.45,0.46,0.45,0.40,0.31,0.36,0.34,0.34,0.34,0.36,0.30,0.37,0.24,0.29,0.34,0.27,0.30,0.35,0.35,0.34,0.26,0.34,0.21,0.21,0.22,0.32,0.34,0.30,0.29,0.30,0.29,0.27,0.30,0.34,0.32,0.26,0.29,0.27,0.24,0.26,0.25,0.29,0.22,0.20,0.19,0.26,0.21,0.16,0.24,0.21,0.20,0.21,0.24,0.21,0.15,0.27,0.25,0.16,0.17,0.21,0.21,0.25,0.24,0.21,0.25,0.20,0.20,0.12,0.17,0.15,0.14,0.15,0.14,0.22,0.21,0.20,0.22,0.17,0.25,0.34,0.20,0.21,0.21,0.24,0.16,0.21,0.24,0.16,0.27,0.19,0.21,0.22,0.16,0.16,0.14,0.25,0.14,0.16,0.16,0.14,0.09,0.11,0.10,0.10,0.04,0.11,0.14,0.07,-76.35,-20.34
L,06:50:00,06:54:34,0.01,0.01,0.01,0.01,0.01,0.01,0.01,0.01,0.01,0.01,0.01,0.01,0.01,0.01,0.02,0.01,0.02,0.01,0.01,0.01,0.01,0.01,0.01,0.01,0.01,0.01,0.01,0.01,0.01,0.01,0.01,0.01,0.01,0.01,0.01,0.01,0.01,0.01,0.01,0.01,0.01,0.01,0.01,0.01,0.01,0.01,0.01,0.01,0.01,0.01,0.01,0.01,0.01,0.01,0.01,0.01,0.02,0.01,0.01,0.01,0.01,0.01,0.01,0.01,0.01,0.01,0.01,0.01,0.01,0.01,0.01,0.01,0.01,0.01,0.01,0.01,0.01,0.01,0.01,0.01,0.01,0.01,0.01,0.01,0.01,0.01,0.01,0.01,0.01,0.01,0.01,0.01,0.01,0.01,0.01,0.02,0.01,0.01,0.01,0.01,0.01,0.01,0.01,0.01,0.01,0.01,0.01,0.01,0.01,0.01,0.01,0.01,0.01,0.01,0.01,0.01,0.01,0.01,0.01,0.01,0.01,0.01,0.01,0.01,0.01,0.01,0.01,0.01,0.01,0.01,0.01,0.01,0.01,0.01,0.01,0.01,0.01,0.01,0.01,0.01,0.01,0.02,0.01,0.01,0.01,-74.83,-18.55
R,06:50:00,06:54:34,0.04,-0.02,-0.06,-0.04,0.06,0.04,0.01,0.14,0.06,0.06,0.19,0.17,0.20,0.19,0.25,0.25,0.34,0.29,0.35,0.30,0.30,0.35,0.36,0.42,0.31,0.36,0.40,0.32,0.29,0.29,0.31,0.25,0.30,0.22,0.26,0.21,0.25,0.24,0.22,0.20,0.17,0.10,0.12,0.09,0.10,0.06,0.09,0.06,0.10,0.06,0.11,0.10,0.02,0.05,-0.01,-0.01,-0.05,-0.01,-0.01,0.10,0.00,-0.06,-0.04,0.02,-0.02,-0.06,-0.06,-0.02,-0.04,-0.01,-0.04,-0.05,-0.07,-0.02,-0.04,-0.01,-0.05,-0.14,-0.17,-0.09,-0.07,-0.24,-0.11,-0.12,-0.11,-0.10,-0.15,-0.10,-0.12,-0.11,-0.12,-0.14,-0.09,-0.11,-0.19,-0.14,-0.12,-0.12,-0.19,-0.14,-0.05,-0.11,-0.04,-0.09,-0.19,-0.11,-0.11,-0.21,-0.19,-0.15,-0.10,-0.19,-0.15,-0.12,-0.16,-0.14,-0.07,-0.14,-0.05,-0.09,-0.07,-0.07,-0.05,-0.14,-0.20,-0.11,-0.15,-0.16,-0.17,-0.11,-0.12,-0.15,-0.14,-0.14,-0.17,-0.09,-0.16,-0.19,-0.17,-0.12,-0.22,-0.30,-0.24,-0.24,-0.16,-74.83,-18.55
L,07:00:00,07:04:34,0.01,0.01,0.01,0.01,0.01,0.01,0.01,0.01,0.01,0.01,0.01,0.01,0.02,0.02,0.01,0.01,0.01,0.01,0.01,0.01,0.01,0.01,0.01,0.01,0.01,0.01,0.01,0.01,0.01,0.01,0.01,0.01,0.01,0.01,0.01,0.01,0.01,0.01,0.01,0.01,0.01,0.01,0.01,0.01,0.01,0.01,0.01,0.01,0.01,0.01,0.01,0.01,0.01,0.01,0.01,0.01,0.01,0.01,0.01,0.01,0.01,0.01,0.01,0.01,0.01,0.01,0.01,0.01,0.01,0.01,0.01,0.01,0.01,0.01,0.01,0.01,0.01,0.01,0.01,0.01,0.01,0.01,0.01,0.01,0.01,0.01,0.01,0.01,0.01,0.01,0.01,0.01,0.01,0.01,0.01,0.01,0.01,0.01,0.01,0.01,0.01,0.01,0.01,0.01,0.01,0.01,0.01,0.01,0.01,0.01,0.01,0.01,0.01,0.01,0.01,0.01,0.01,0.01,0.01,0.01,0.01,0.01,0.01,0.01,0.01,0.01,0.01,0.01,0.01,0.01,0.01,0.01,0.01,0.01,0.01,0.01,0.01,0.01,0.01,0.01,0.01,0.01,0.01,0.01,0.01,-73.30,-16.77
R,07:00:00,07:04:34,-0.04,-0.06,-0.07,0.00,-0.05,0.01,-0.04,0.00,0.05,0.02,0.02,0.09,0.10,0.16,0.16,0.16,0.26,0.25,0.29,0.26,0.26,0.30,0.30,0.25,0.20,0.22,0.16,0.20,0.20,0.16,0.17,0.17,0.16,0.15,0.14,0.09,0.06,0.11,0.05,0.10,0.09,0.04,0.06,0.00,-0.10,-0.02,-0.10,-0.11,-0.11,-0.07,-0.19,-0.19,-0.24,-0.15,-0.22,-0.25,-0.21,-0.29,-0.24,-0.24,-0.26,-0.31,-0.27,-0.24,-0.27,-0.26,-0.22,-0.26,-0.35,-0.39,-0.34,-0.45,-0.40,-0.42,-0.43,-0.40,-0.40,-0.46,-0.41,-0.43,-0.46,-0.46,-0.53,-0.53,-0.48,-0.53,-0.51,-0.62,-0.48,-0.42,-0.52,-0.48,-0.50,-0.53,-0.57,-0.57,-0.57,-0.56,-0.56,-0.56,-0.60,-0.63,-0.63,-0.60,-0.58,-0.61,-0.60,-0.58,-0.58,-0.65,-0.61,-0.62,-0.67,-0.67,-0.72,-0.71,-0.67,-0.73,-0.72,-0.68,-0.80,-0.78,-0.75,-0.78,-0.73,-0.78,-0.73,-0.82,-0.80,-0.76,-0.78,-0.78,-0.71,-0.73,-0.76,-0.68,-0.87,-0.86,-0.81,-0.83,-0.84,-0.91,-0.92,-0.98,-0.94,-73.30,-16.77
L,07:10:00,07:14:34,0.02,0.01,0.01,0.01,0.01,0.01,0.02,0.01,0.01,0.01,0.01,0.01,0.01,0.02,0.01,0.01,0.02,0.01,0.01,0.01,0.01,0.01,0.01,0.01,0.01,0.01,0.01,0.01,0.01,0.01,0.01,0.01,0.01,0.01,0.01,0.02,0.01,0.01,0.01,0.01,0.01,0.01,0.01,0.01,0.01,0.01,0.01,0.01,0.01,0.01,0.01,0.01,0.01,0.02,0.01,0.01,0.02,0.01,0.01,0.01,0.01,0.01,0.01,0.01,0.01,0.01,0.01,0.01,0.01,0.01,0.01,0.01,0.01,0.01,0.01,0.01,0.01,0.01,0.01,0.01,0.01,0.01,0.01,0.01,0.01,0.02,0.01,0.01,0.01,0.02,0.01,0.01,0.01,0.01,0.01,0.01,0.02,0.01,0.01,0.01,0.01,0.02,0.01,0.01,0.01,0.01,0.01,0.02,0.01,0.02,0.01,0.01,0.01,0.01,0.01,0.01,0.01,0.01,0.01,0.02,0.01,0.01,0.01,0.01,0.01,0.01,0.01,0.01,0.01,0.01,0.01,0.01,0.01,0.01,0.01,0.01,0.01,0.01,0.02,0.01,0.01,0.01,0.01,0.01,0.01,-71.78,-15.01
R,07:10:00,07:14:34,-0.09,-0.01,0.00,-0.01,-0.02,-0.06,0.07,0.09,0.12,0.09,0.11,0.15,0.20,0.21,0.21,0.24,0.30,0.32,0.37,0.34,0.36,0.37,0.40,0.43,0.43,0.39,0.45,0.37,0.40,0.37,0.39,0.41,0.39,0.36,0.45,0.46,0.34,0.40,0.35,0.40,0.37,0.35,0.36,0.36,0.32,0.31,0.36,0.27,0.32,0.37,0.29,0.27,0.37,0.27,0.30,0.25,0.24,0.27,0.30,0.27,0.27,0.25,0.35,0.30,0.29,0.27,0.32,0.27,0.27,0.37,0.30,0.26,0.29,0.27,0.25,0.21,0.27,0.26,0.29,0.27,0.27,0.29,0.26,0.30,0.31,0.37,0.35,0.32,0.37,0.34,0.32,0.36,0.36,0.45,0.39,0.34,0.42,0.41,0.40,0.40,0.42,0.41,0.43,0.39,0.42,0.42,0.45,0.43,0.51,0.43,0.50,0.47,0.43,0.52,0.55,0.48,0.46,0.46,0.46,0.50,0.48,0.51,0.51,0.52,0.55,0.51,0.55,0.46,0.60,0.57,0.51,0.56,0.62,0.57,0.61,0.71,0.63,0.56,0.63,0.63,0.57,0.73,0.66,0.62,0.65,-71.78,-15.01
L,07:20:00,07:24:34,0.01,0.01,0.01,0.01,0.01,0.01,0.01,0.01,0.01,0.01,0.01,0.01,0.02,0.02,0.01,0.01,0.02,0.01,0.02,0.01,0.01,0.01,0.01,0.01,0.01,0.01,0.01,0.01,0.01,0.01,0.02,0.01,0.01,0.01,0.01,0.02,0.01,0.01,0.01,0.01,0.01,0.01,0.01,0.01,0.01,0.02,0.01,0.01,0.01,0.01,0.01,0.02,0.01,0.01,0.01,0.01,0.01,0.02,0.01,0.01,0.01,0.01,0.01,0.01,0.01,0.01,0.01,0.01,0.01,0.01,0.01,0.01,0.01,0.01,0.01,0.01,0.01,0.01,0.01,0.01,0.01,0.01,0.01,0.01,0.01,0.01,0.01,0.01,0.02,0.01,0.01,0.01,0.01,0.01,0.01,0.01,0.01,0.02,0.01,0.01,0.01,0.01,0.02,0.02,0.01,0.01,0.02,0.01,0.01,0.01,0.01,0.01,0.02,0.01,0.02,0.01,0.01,0.01,0.02,0.01,0.01,0.01,0.01,0.01,0.02,0.01,0.01,0.01,0.01,0.01,0.01,0.01,0.01,0.01,0.01,0.01,0.01,0.01,0.01,0.02,0.01,0.01,0.02,0.01,0.01,-70.25,-13.27
R,07:20:00,07:24:34,-0.09,-0.06,-0.09,-0.15,-0.11,-0.07,-0.02,-0.05,-0.06,0.04,0.06,0.10,0.20,0.19,0.19,0.24,0.24,0.30,0.27,0.29,0.34,0.32,0.30,0.35,0.41,0.30,0.36,0.30,0.30,0.17,0.26,0.17,0.21,0.17,0.26,0.20,0.25,0.22,0.22,0.19,0.17,0.17,0.14,0.16,0.15,0.11,0.12,0.16,0.16,0.11,0.14,0.12,0.12,0.12,0.06,0.09,0.12,0.05,0.05,0.06,0.05,0.07,0.02,0.09,0.10,0.06,0.02,0.01,0.04,-0.01,-0.04,0.07,-0.05,0.00,-0.06,0.00,0.01,-0.04,-0.04,-0.01,-0.09,-0.06,-0.05,-0.09,-0.06,-0.12,-0.12,-0.11,-0.16,-0.06,-0.10,-0.16,-0.09,-0.15,-0.22,-0.12,-0.17,-0.15,-0.26,-0.14,-0.19,-0.11,-0.19,-0.27,-0.12,-0.26,-0.24,-0.27,-0.22,-0.27,-0.30,-0.29,-0.24,-0.26,-0.30,-0.30,-0.27,-0.31,-0.35,-0.35,-0.34,-0.36,-0.36,-0.39,-0.29,-0.32,-0.45,-0.40,-0.32,-0.41,-0.35,-0.45,-0.40,-0.27,-0.37,-0.24,-0.37,-0.42,-0.40,-0.45,-0.39,-0.43,-0.40,-0.47,-0.41,-70.25,-13.27
L,07:30:00,07:34:34,0.01,0.01,0.01,0.01,0.01,0.01,0.01,0.01,0.01,0.01,0.01,0.01,0.02,0.02,0.01,0.01,0.02,0.01,0.01,0.01,0.01,0.01,0.01,0.01,0.01,0.01,0.01,0.01,0.01,0.01,0.01,0.01,0.01,0.01,0.01,0.01,0.01,0.01,0.01,0.01,0.01,0.01,0.01,0.01,0.01,0.01,0.01,0.01,0.01,0.01,0.01,0.01,0.01,0.01,0.01,0.01,0.01,0.01,0.01,0.01,0.01,0.01,0.01,0.01,0.01,0.01,0.01,0.01,0.01,0.01,0.02,0.02,0.02,0.02,0.01,0.02,0.01,0.01,0.01,0.01,0.01,0.01,0.01,0.01,0.01,0.01,0.01,0.02,0.01,0.01,0.01,0.01,0.01,0.01,0.01,0.01,0.01,0.01,0.01,0.01,0.01,0.01,0.01,0.01,0.01,0.01,0.01,0.01,0.01,0.01,0.01,0.01,0.01,0.01,0.01,0.01,0.01,0.01,0.01,0.01,0.01,0.01,0.01,0.01,0.01,0.01,0.01,0.01,0.01,0.02,0.01,0.01,0.02,0.01,0.01,0.01,0.01,0.01,0.01,0.01,0.01,0.01,0.01,0.01,0.01,-68.70,-11.54
R,07:30:00,07:34:34,-0.05,-0.12,-0.12,-0.11,-0.09,-0.11,-0.06,-0.05,-0.05,0.02,0.02,0.09,0.04,0.14,0.14,0.12,0.24,0.29,0.19,0.24,0.31,0.25,0.31,0.26,0.30,0.27,0.25,0.27,0.24,0.22,0.22,0.19,0.14,0.16,0.17,0.15,0.20,0.16,0.10,0.11,0.11,0.02,-0.02,0.01,0.04,0.07,0.10,0.00,0.06,0.01,0.06,-0.06,0.00,-0.02,0.00,-0.04,-0.04,-0.07,-0.02,-0.01,-0.09,-0.07,-0.07,-0.11,-0.14,-0.12,-0.02,-0.06,-0.14,-0.17,-0.17,-0.21,-0.20,-0.20,-0.22,-0.17,-0.15,-0.15,-0.27,-0.15,-0.15,-0.21,-0.16,-0.20,-0.24,-0.20,-0.19,-0.19,-0.22,-0.21,-0.25,-0.24,-0.30,-0.29,-0.27,-0.27,-0.25,-0.25,-0.16,-0.21,-0.24,-0.21,-0.22,-0.25,-0.26,-0.29,-0.22,-0.26,-0.22,-0.14,-0.17,-0.19,-0.17,-0.20,-0.15,-0.15,-0.16,-0.21,-0.20,-0.22,-0.21,-0.20,-0.29,-0.16,-0.25,-0.24,-0.26,-0.31,-0.25,-0.21,-0.24,-0.21,-0.19,-0.20,-0.21,-0.25,-0.22,-0.21,-0.26,-0.19,-0.16,-0.17,-0.21,-0.19,-0.21,-68.70,-11.54
L,07:40:00,07:44:34,0.01,0.01,0.02,0.01,0.01,0.02,0.01,0.01,0.01,0.01,0.01,0.01,0.01,0.02,0.02,0.01,0.02,0.01,0.01,0.01,0.01,0.01,0.01,0.02,0.01,0.01,0.01,0.01,0.01,0.01,0.02,0.01,0.01,0.01,0.01,0.01,0.01,0.01,0.01,0.01,0.02,0.01,0.01,0.02,0.01,0.01,0.01,0.01,0.01,0.01,0.01,0.01,0.01,0.01,0.01,0.02,0.01,0.01,0.01,0.01,0.01,0.01,0.01,0.01,0.01,0.01,0.01,0.01,0.01,0.01,0.01,0.01,0.01,0.01,0.01,0.01,0.01,0.02,0.01,0.01,0.01,0.01,0.01,0.01,0.01,0.02,0.01,0.02,0.02,0.01,0.02,0.02,0.01,0.01,0.01,0.01,0.01,0.01,0.01,0.01,0.01,0.01,0.01,0.01,0.01,0.01,0.01,0.01,0.01,0.01,0.01,0.01,0.01,0.02,0.01,0.02,0.01,0.01,0.01,0.01,0.01,0.01,0.01,0.01,0.02,0.01,0.01,0.01,0.01,0.01,0.01,0.01,0.01,0.01,0.01,0.01,0.01,0.01,0.01,0.01,0.01,0.01,0.01,0.01,0.01,-67.15,-9.83
R,07:40:00,07:44:34,0.04,0.02,0.05,0.07,-0.06,0.06,0.05,0.10,0.14,0.24,0.25,0.25,0.29,0.29,0.37,0.39,0.37,0.41,0.46,0.45,0.47,0.48,0.40,0.37,0.37,0.39,0.41,0.40,0.46,0.41,0.45,0.36,0.40,0.37,0.40,0.42,0.43,0.37,0.36,0.30,0.32,0.36,0.29,0.37,0.29,0.25,0.21,0.25,0.34,0.29,0.29,0.24,0.16,0.19,0.24,0.25,0.20,0.12,0.17,0.15,0.20,0.16,0.14,0.20,0.12,0.16,0.11,0.07,0.15,0.19,0.12,0.15,0.14,0.14,0.12,0.05,0.10,0.09,0.06,0.14,0.17,0.09,0.15,0.05,0.16,0.07,0.09,0.11,0.09,0.05,0.12,0.14,0.12,0.05,0.14,0.15,0.12,0.11,0.07,0.09,-0.01,0.09,0.07,0.06,0.06,-0.01,0.02,-0.01,0.02,0.07,0.09,0.15,0.02,0.10,0.09,0.04,0.06,0.02,0.04,0.04,0.07,0.12,0.07,0.07,0.02,0.05,0.07,0.14,0.10,0.10,0.00,0.07,0.12,0.07,0.12,0.06,0.09,0.11,0.10,0.20,0.07,0.17,0.14,0.09,0.17,-67.15,-9.83
L,07:50:00,07:54:34,0.01,0.01,0.01,0.01,0.01,0.01,0.02,0.01,0.01,0.01,0.01,0.02,0.02,0.02,0.02,0.01,0.01,0.01,0.01,0.02,0.01,0.01,0.02,0.01,0.01,0.01,0.01,0.01,0.02,0.01,0.01,0.01,0.01,0.01,0.01,0.01,0.02,0.01,0.01,0.01,0.01,0.01,0.01,0.01,0.01,0.01,0.01,0.01,0.01,0.01,0.01,0.01,0.01,0.01,0.01,0.01,0.01,0.01,0.01,0.01,0.01,0.01,0.01,0.02,0.01,0.01,0.01,0.01,0.01,0.01,0.01,0.01,0.01,0.01,0.01,0.01,0.01,0.01,0.01,0.01,0.01,0.01,0.01,0.01,0.01,0.01,0.01,0.01,0.01,0.01,0.01,0.01,0.01,0.02,0.02,0.01,0.01,0.01,0.01,0.01,0.01,0.01,0.01,0.02,0.01,0.02,0.02,0.01,0.01,0.01,0.01,0.01,0.01,0.01,0.02,0.01,0.01,0.01,0.02,0.01,0.01,0.01,0.01,0.01,0.01,0.01,0.01,0.01,0.01,0.01,0.02,0.01,0.01,0.02,0.01,0.01,0.01,0.01,0.02,0.01,0.01,0.01,0.01,0.01,0.01,-65.58,-8.14
R,07:50:00,07:54:34,-0.30,-0.25,-0.39,-0.36,-0.22,-0.24,-0.20,-0.10,-0.10,-0.11,-0.04,-0.06,-0.02,0.05,0.02,0.11,0.11,0.04,0.07,0.14,0.11,0.09,0.05,0.10,0.09,0.11,0.10,0.10,0.11,0.12,0.09,0.19,0.11,0.09,0.15,0.07,0.11,0.07,0.01,0.02,0.04,-0.09,-0.01,0.01,-0.01,0.05,0.00,-0.11,0.01,-0.09,-0.04,-0.11,-0.14,0.00,-0.11,-0.12,-0.09,-0.05,-0.07,-0.12,-0.10,-0.15,-0.07,-0.07,-0.07,-0.11,0.04,-0.10,-0.09,-0.12,-0.21,-0.19,-0.16,-0.21,-0.16,-0.20,-0.17,-0.15,-0.24,-0.25,-0.15,-0.17,-0.20,-0.15,-0.17,-0.20,-0.17,-0.19,-0.21,-0.16,-0.19,-0.16,-0.21,-0.24,-0.22,-0.27,-0.19,-0.20,-0.14,-0.17,-0.15,-0.17,-0.16,-0.24,-0.16,-0.26,-0.21,-0.30,-0.25,-0.24,-0.29,-0.24,-0.20,-0.29,-0.17,-0.22,-0.24,-0.22,-0.22,-0.24,-0.29,-0.22,-0.25,-0.25,-0.24,-0.29,-0.25,-0.22,-0.25,-0.26,-0.15,-0.20,-0.22,-0.22,-0.29,-0.22,-0.24,-0.26,-0.29,-0.19,-0.19,-0.30,-0.19,-0.24,-0.22,-65.58,-8.14
L,08:00:00,08:04:33,0.01,0.01,0.02,0.01,0.01,0.01,0.02,0.01,0.02,0.02,0.01,0.02,0.02,0.02,0.01,0.02,0.02,0.01,0.01,0.02,0.02,0.01,0.01,0.02,0.01,0.01,0.02,0.01,0.01,0.01,0.01,0.01,0.01,0.01,0.02,0.01,0.01,0.01,0.01,0.01,0.01,0.01,0.02,0.01,0.01,0.02,0.01,0.02,0.02,0.01,0.01,0.01,0.02,0.01,0.01,0.02,0.02,0.02,0.01,0.01,0.01,0.01,0.02,0.01,0.01,0.02,0.02,0.01,0.01,0.01,0.02,0.01,0.01,0.01,0.01,0.01,0.02,0.01,0.02,0.02,0.02,0.02,0.02,0.02,0.01,0.02,0.01,0.01,0.01,0.01,0.02,0.02,0.01,0.02,0.01,0.02,0.01,0.01,0.01,0.02,0.02,0.01,0.01,0.02,0.02,0.01,0.02,0.01,0.01,0.02,0.01,0.01,0.01,0.01,0.02,0.01,0.02,0.01,0.02,0.01,0.01,0.02,0.02,0.02,0.01,0.02,0.02,0.01,0.01,0.02,0.02,0.01,0.02,0.01,0.01,0.01,0.02,0.01,0.02,0.01,0.01,0.01,0.01,0.02,0.02,-64.00,-6.46
R,08:00:00,08:04:33,-0.20,-0.15,-0.15,-0.15,-0.07,-0.02,-0.04,-0.05,0.05,0.06,0.11,0.15,0.07,0.16,0.24,0.20,0.19,0.26,0.22,0.29,0.25,0.30,0.25,0.37,0.34,0.37,0.29,0.29,0.27,0.25,0.19,0.22,0.24,0.24,0.30,0.22,0.26,0.25,0.17,0.20,0.11,0.14,0.12,0.06,0.09,0.14,0.15,0.10,0.11,0.06,0.09,0.09,0.09,0.05,0.04,0.10,-0.04,-0.05,-0.06,-0.05,-0.02,0.04,0.04,0.09,0.09,0.04,0.09,0.14,0.01,0.06,-0.01,0.06,0.02,0.05,-0.06,-0.02,0.00,0.06,-0.02,0.00,-0.06,0.04,-0.06,-0.05,0.00,0.06,-0.07,-0.02,-0.06,-0.04,-0.07,-0.11,-0.14,-0.09,-0.16,-0.06,-0.10,-0.12,-0.05,-0.16,0.02,0.05,-0.04,-0.04,-0.12,-0.11,-0.11,-0.15,-0.12,-0.05,-0.06,-0.10,-0.09,-0.14,-0.12,-0.16,-0.06,-0.16,-0.16,-0.06,-0.15,-0.06,-0.11,-0.17,-0.09,-0.04,-0.09,-0.12,-0.17,-0.09,-0.16,-0.14,-0.15,-0.24,-0.16,-0.09,-0.16,-0.19,-0.20,-0.21,-0.12,-0.21,-0.21,-0.19,-0.22,-64.00,-6.46
L,08:10:00,08:14:34,0.01,0.01,0.01,0.01,0.02,0.01,0.01,0.01,0.01,0.02,0.02,0.02,0.02,0.02,0.02,0.02,0.02,0.02,0.02,0.02,0.02,0.02,0.02,0.02,0.02,0.02,0.01,0.01,0.02,0.02,0.02,0.01,0.01,0.02,0.02,0.01,0.01,0.02,0.02,0.02,0.02,0.02,0.02,0.02,0.01,0.01,0.02,0.01,0.02,0.02,0.02,0.02,0.02,0.01,0.02,0.02,0.02,0.02,0.02,0.02,0.02,0.02,0.02,0.02,0.02,0.01,0.02,0.02,0.02,0.02,0.02,0.02,0.02,0.02,0.02,0.02,0.02,0.02,0.02,0.02,0.02,0.02,0.02,0.02,0.02,0.02,0.02,0.02,0.02,0.02,0.02,0.02,0.02,0.02,0.02,0.02,0.02,0.01,0.02,0.02,0.02,0.02,0.02,0.02,0.02,0.02,0.02,0.01,0.02,0.02,0.02,0.02,0.02,0.02,0.02,0.02,0.02,0.02,0.02,0.02,0.02,0.02,0.02,0.02,0.02,0.02,0.02,0.02,0.02,0.02,0.02,0.02,0.02,0.02,0.02,0.02,0.02,0.02,0.02,0.02,0.02,0.02,0.01,0.02,0.02,-62.40,-4.82
R,08:10:00,08:14:34,0.16,0.15,0.19,0.12,0.21,0.21,0.17,0.27,0.30,0.35,0.34,0.30,0.36,0.32,0.45,0.46,0.45,0.42,0.41,0.47,0.51,0.48,0.46,0.48,0.37,0.42,0.39,0.41,0.41,0.41,0.42,0.37,0.30,0.32,0.35,0.24,0.32,0.31,0.25,0.21,0.27,0.17,0.24,0.22,0.22,0.22,0.10,0.17,0.14,0.17,0.15,0.10,0.15,0.14,0.16,0.17,0.01,0.04,0.07,0.06,0.07,0.04,0.00,0.07,0.06,-0.04,0.11,-0.02,0.07,-0.01,0.02,-0.02,-0.07,-0.14,-0.11,-0.14,-0.12,-0.06,-0.05,-0.14,-0.21,-0.22,-0.14,-0.14,-0.19,-0.21,-0.29,-0.21,-0.25,-0.24,-0.31,-0.24,-0.21,-0.30,-0.17,-0.26,-0.17,-0.29,-0.26,-0.21,-0.27,-0.34,-0.16,-0.32,-0.41,-0.34,-0.31,-0.29,-0.29,-0.32,-0.34,-0.35,-0.34,-0.30,-0.25,-0.30,-0.32,-0.37,-0.34,-0.37,-0.32,-0.32,-0.45,-0.36,-0.36,-0.45,-0.37,-0.40,-0.39,-0.40,-0.32,-0.43,-0.36,-0.30,-0.37,-0.37,-0.41,-0.31,-0.40,-0.30,-0.41,-0.46,-0.42,-0.41,-0.43,-62.40,-4.82
L,08:20:00,08:24:34,0.02,0.02,0.02,0.02,0.02,0.02,0.02,0.02,0.02,0.02,0.02,0.02,0.02,0.02,0.02,0.02,0.02,0.02,0.02,0.02,0.02,0.02,0.02,0.02,0.02,0.02,0.02,0.02,0.02,0.02,0.02,0.02,0.02,0.02,0.02,0.02,0.02,0.02,0.02,0.02,0.03,0.03,0.03,0.02,0.02,0.02,0.02,0.02,0.02,0.02,0.02,0.02,0.02,0.02,0.02,0.02,0.02,0.02,0.02,0.02,0.02,0.02,0.02,0.02,0.02,0.02,0.02,0.02,0.02,0.02,0.02,0.02,0.02,0.02,0.03,0.03,0.03,0.02,0.02,0.02,0.02,0.02,0.02,0.02,0.02,0.02,0.03,0.03,0.03,0.03,0.03,0.03,0.03,0.03,0.02,0.02,0.02,0.02,0.02,0.02,0.02,0.02,0.02,0.02,0.02,0.02,0.02,0.03,0.02,0.02,0.02,0.02,0.02,0.02,0.02,0.02,0.02,0.02,0.03,0.03,0.03,0.03,0.03,0.03,0.03,0.03,0.03,0.03,0.03,0.03,0.02,0.02,0.02,0.02,0.03,0.03,0.03,0.03,0.03,0.02,0.03,0.02,0.03,0.03,0.03,-60.77,-3.19
R,08:20:00,08:24:34,0.15,0.17,0.11,0.15,0.11,0.20,0.32,0.39,0.29,0.21,0.25,0.43,0.34,0.37,0.45,0.53,0.56,0.48,0.52,0.62,0.61,0.61,0.56,0.61,0.62,0.60,0.62,0.53,0.56,0.48,0.65,0.55,0.51,0.45,0.53,0.47,0.65,0.68,0.52,0.53,0.50,0.48,0.47,0.50,0.51,0.53,0.43,0.43,0.48,0.52,0.52,0.53,0.50,0.50,0.45,0.48,0.51,0.37,0.37,0.36,0.39,0.35,0.39,0.41,0.46,0.43,0.39,0.43,0.39,0.40,0.34,0.35,0.39,0.36,0.39,0.29,0.41,0.40,0.32,0.37,0.29,0.27,0.24,0.35,0.35,0.27,0.39,0.42,0.35,0.43,0.43,0.39,0.41,0.35,0.37,0.29,0.43,0.41,0.36,0.37,0.47,0.47,0.52,0.51,0.51,0.34,0.37,0.36,0.40,0.37,0.37,0.48,0.39,0.34,0.30,0.37,0.40,0.30,0.29,0.39,0.36,0.41,0.43,0.51,0.40,0.45,0.39,0.37,0.37,0.36,0.31,0.24,0.32,0.47,0.35,0.63,0.46,0.48,0.45,0.47,0.43,0.35,0.47,0.32,0.41,-60.77,-3.19
L,08:30:00,08:34:34,0.03,0.03,0.03,0.03,0.03,0.03,0.03,0.03,0.03,0.03,0.03,0.03,0.03,0.03,0.03,0.03,0.03,0.03,0.04,0.04,0.03,0.03,0.03,0.03,0.04,0.03,0.03,0.03,0.03,0.03,0.04,0.04,0.04,0.04,0.04,0.04,0.04,0.05,0.05,0.05,0.06,0.07,0.06,0.05,0.05,0.05,0.06,0.07,0.07,0.06,0.06,0.06,0.06,0.05,0.05,0.05,0.04,0.04,0.04,0.04,0.05,0.06,0.05,0.06,0.06,0.07,0.07,0.07,0.07,0.07,0.08,0.06,0.05,0.06,0.07,0.06,0.07,0.07,0.06,0.06,0.06,0.06,0.06,0.06,0.07,0.07,0.08,0.08,0.08,0.07,0.07,0.07,0.07,0.07,0.06,0.06,0.06,0.07,0.08,0.07,0.07,0.07,0.06,0.06,0.06,0.06,0.07,0.07,0.06,0.06,0.06,0.07,0.07,0.07,0.07,0.07,0.07,0.07,0.07,0.07,0.08,0.08,0.08,0.08,0.08,0.08,0.07,0.08,0.08,0.08,0.07,0.07,0.08,0.07,0.07,0.07,0.08,0.08,0.07,0.07,0.08,0.07,0.08,0.08,0.08,-59.13,-1.59
R,08:30:00,08:34:34,0.04,0.07,0.07,0.15,0.12,0.19,0.32,0.36,0.31,0.40,0.40,0.51,0.46,0.51,0.56,0.56,0.61,0.56,0.68,0.67,0.65,0.56,0.68,0.80,0.65,0.75,0.68,0.63,0.60,0.61,0.65,0.60,0.70,0.58,0.60,0.65,0.66,0.70,0.73,0.67,0.68,0.77,0.72,0.70,0.61,0.68,0.75,0.82,0.89,0.72,0.72,0.73,0.80,0.73,0.61,0.60,0.52,0.50,0.47,0.53,0.61,0.65,0.63,0.66,0.73,0.72,0.77,0.71,0.62,0.67,0.61,0.66,0.52,0.62,0.71,0.66,0.68,0.75,0.68,0.65,0.66,0.66,0.67,0.65,0.70,0.71,0.78,0.83,0.82,0.76,0.65,0.70,0.60,0.53,0.63,0.58,0.66,0.55,0.55,0.63,0.68,0.61,0.87,0.72,0.70,0.63,0.65,0.71,0.75,0.61,0.67,0.82,0.65,0.66,0.60,0.65,0.63,0.58,0.58,0.68,0.72,0.78,0.75,0.71,0.82,0.78,0.80,0.77,0.81,0.72,0.78,0.71,0.77,0.80,0.63,0.73,0.75,0.84,0.70,0.80,0.87,0.65,0.80,0.82,0.75,-59.13,-1.59
L,08:40:00,08:44:34,0.07,0.06,0.07,0.06,0.06,0.06,0.05,0.06,0.05,0.05,0.06,0.06,0.06,0.06,0.05,0.06,0.07,0.08,0.08,0.08,0.07,0.07,0.07,0.06,0.06,0.06,0.06,0.06,0.07,0.07,0.12,0.14,0.18,0.14,0.12,0.11,0.11,0.10,0.10,0.08,0.07,0.07,0.08,0.08,0.08,0.08,0.09,0.10,0.09,0.10,0.10,0.11,0.11,0.11,0.10,0.10,0.10,0.09,0.10,0.11,0.12,0.12,0.13,0.12,0.11,0.11,0.12,0.11,0.12,0.12,0.11,0.11,0.10,0.09,0.08,0.09,0.09,0.11,0.11,0.13,0.14,0.14,0.13,0.13,0.13,0.13,0.13,0.13,0.13,0.13,0.11,0.10,0.10,0.10,0.11,0.12,0.13,0.13,0.15,0.15,0.14,0.13,0.13,0.13,0.14,0.14,0.15,0.15,0.15,0.15,0.15,0.14,0.14,0.14,0.15,0.15,0.15,0.14,0.14,0.14,0.14,0.14,0.15,0.16,0.17,0.16,0.17,0.18,0.17,0.16,0.16,0.15,0.15,0.15,0.15,0.15,0.15,0.16,0.16,0.16,0.16,0.16,0.16,0.17,0.16,-57.46,-0.02
R,08:40:00,08:44:34,0.16,0.12,0.15,0.19,0.19,0.11,0.05,0.25,0.15,0.21,0.25,0.32,0.41,0.39,0.39,0.42,0.56,0.60,0.51,0.67,0.62,0.61,0.56,0.52,0.57,0.52,0.52,0.57,0.52,0.55,0.92,0.97,1.29,1.03,0.92,0.77,0.72,0.77,0.65,0.55,0.50,0.40,0.40,0.37,0.43,0.41,0.46,0.46,0.43,0.58,0.53,0.52,0.52,0.58,0.40,0.46,0.45,0.34,0.37,0.42,0.52,0.48,0.60,0.53,0.47,0.51,0.52,0.47,0.53,0.46,0.52,0.46,0.34,0.25,0.21,0.22,0.19,0.29,0.37,0.43,0.55,0.57,0.53,0.50,0.45,0.43,0.43,0.43,0.47,0.37,0.29,0.30,0.24,0.22,0.22,0.34,0.39,0.43,0.48,0.51,0.42,0.40,0.42,0.34,0.46,0.45,0.55,0.46,0.51,0.52,0.47,0.37,0.34,0.36,0.47,0.43,0.41,0.31,0.42,0.40,0.40,0.35,0.47,0.48,0.50,0.46,0.56,0.51,0.53,0.41,0.45,0.37,0.39,0.57,0.42,0.48,0.48,0.50,0.48,0.55,0.52,0.40,0.47,0.50,0.50,-57.46,-0.02
L,08:50:00,08:54:34,0.09,0.09,0.10,0.10,0.10,0.10,0.08,0.09,0.08,0.09,0.10,0.10,0.10,0.09,0.09,0.10,0.11,0.12,0.18,0.21,0.16,0.16,0.14,0.11,0.11,0.11,0.11,0.11,0.10,0.10,0.23,0.21,0.18,0.19,0.21,0.24,0.24,0.23,0.23,0.26,0.23,0.20,0.17,0.17,0.17,0.16,0.17,0.17,0.16,0.17,0.17,0.17,0.17,0.16,0.17,0.18,0.18,0.20,0.20,0.19,0.28,0.26,0.24,0.23,0.22,0.21,0.22,0.22,0.21,0.24,0.24,0.21,0.22,0.24,0.26,0.29,0.37,0.46,0.35,0.27,0.35,0.36,0.40,0.43,0.33,0.37,0.38,0.33,0.39,0.42,0.38,0.34,0.31,0.28,0.27,0.26,0.25,0.25,0.26,0.26,0.23,0.27,0.27,0.28,0.28,0.29,0.29,0.31,0.29,0.25,0.25,0.27,0.27,0.27,0.28,0.26,0.26,0.28,0.29,0.30,0.32,0.35,0.40,0.38,0.35,0.32,0.28,0.31,0.29,0.30,0.27,0.26,0.27,0.25,0.25,0.24,0.27,0.27,0.26,0.26,0.26,0.24,0.23,0.24,0.23,-55.76,+1.52
R,08:50:00,08:54:34,0.29,0.27,0.37,0.35,0.35,0.45,0.26,0.37,0.46,0.36,0.51,0.52,0.61,0.58,0.57,0.60,0.76,0.80,1.20,1.47,1.03,1.09,0.98,0.80,0.78,0.73,0.80,0.68,0.68,0.70,1.55,1.33,1.12,1.12,1.34,1.57,1.59,1.35,1.40,1.48,1.32,1.13,0.98,0.99,0.89,0.93,0.99,0.88,0.89,1.06,1.02,0.91,0.94,0.81,0.86,0.97,0.94,0.94,1.02,0.91,1.45,1.37,1.23,1.20,1.13,1.02,1.03,1.11,1.14,1.24,1.16,1.12,1.16,1.13,1.33,1.42,1.91,2.51,1.75,1.27,1.81,1.94,2.19,2.40,1.58,1.83,1.91,1.57,2.07,2.16,1.94,1.63,1.45,1.34,1.20,1.23,1.20,1.20,1.22,1.19,1.20,1.37,1.34,1.34,1.37,1.29,1.28,1.38,1.37,1.09,1.02,1.27,1.20,1.29,1.42,1.34,1.24,1.35,1.28,1.42,1.45,1.71,2.12,1.95,1.70,1.52,1.22,1.42,1.32,1.34,1.20,1.08,1.07,1.18,1.13,1.19,1.14,1.12,1.12,1.17,1.11,0.98,0.94,0.84,0.88,-55.76,+1.52
L,09:00:00,09:04:34,0.18,0.16,0.19,0.19,0.17,0.18,0.16,0.18,0.16,0.17,0.22,0.21,0.21,0.19,0.18,0.21,0.33,0.38,0.31,0.38,0.52,0.58,0.49,0.43,0.27,0.23,0.22,0.21,0.21,0.20,0.36,0.40,0.43,0.45,0.48,0.49,0.51,0.75,0.94,0.98,0.68,0.54,0.62,0.46,0.36,0.33,0.33,0.33,0.40,0.34,0.35,0.34,0.31,0.30,0.33,0.31,0.34,0.36,0.37,0.43,0.37,0.37,0.42,0.44,0.41,0.39,0.41,0.43,0.43,0.41,0.43,0.43,0.42,0.43,0.50,0.58,0.77,0.78,0.87,0.90,0.88,0.63,0.48,0.40,0.44,0.50,0.56,0.58,0.62,0.71,0.76,0.72,0.50,0.45,0.44,0.43,0.44,0.46,0.45,0.41,0.47,0.49,0.49,0.46,0.46,0.45,0.47,0.50,0.47,0.44,0.49,0.51,0.53,0.51,0.46,0.46,0.44,0.43,0.43,0.46,0.52,0.63,0.75,0.82,0.82,0.67,0.58,0.60,0.54,0.47,0.44,0.45,0.44,0.44,0.42,0.42,0.44,0.49,0.46,0.42,0.44,0.44,0.47,0.49,0.45,-54.03,+3.03
R,09:00:00,09:04:34,1.33,1.18,1.40,1.55,1.34,1.38,1.30,1.61,1.42,1.52,1.80,1.93,1.83,1.76,1.74,2.00,2.62,3.04,2.56,3.02,3.98,4.34,3.69,3.59,2.26,2.05,1.98,1.93,1.86,1.89,3.08,3.40,3.35,3.47,3.58,3.52,3.48,5.03,6.22,7.03,5.70,4.10,4.02,3.13,2.68,2.58,2.50,2.47,2.78,2.36,2.53,2.56,2.36,2.39,2.77,2.46,2.78,2.80,2.62,3.27,2.73,2.63,2.84,3.22,3.08,2.87,3.16,3.27,3.14,2.93,3.23,3.28,2.99,2.84,3.32,4.57,6.37,5.80,6.41,6.80,6.70,4.75,3.65,2.86,2.94,3.45,3.98,4.05,4.41,5.53,5.95,5.90,3.60,3.02,2.98,2.94,3.28,3.32,3.42,3.08,3.55,3.73,3.78,3.35,3.19,3.04,3.12,3.33,3.16,3.09,3.54,3.93,4.07,3.91,3.49,3.24,3.11,3.01,2.93,3.22,3.64,4.82,6.10,6.65,6.83,5.27,4.32,4.51,4.01,3.43,3.16,3.14,3.16,3.18,3.01,3.17,3.18,3.55,3.32,3.12,3.27,3.24,3.52,3.65,3.27,-54.03,+3.03
L,09:10:00,09:14:34,0.25,0.24,0.29,0.31,0.27,0.26,0.19,0.23,0.20,0.21,0.24,0.28,0.35,0.27,0.25,0.33,0.43,0.39,0.45,0.58,0.90,0.46,0.36,0.28,0.28,0.28,0.29,0.32,0.32,0.27,0.38,0.46,0.54,0.56,0.50,0.50,0.76,0.75,0.68,0.87,0.70,0.65,0.52,0.49,0.47,0.42,0.42,0.46,0.46,0.39,0.35,0.35,0.37,0.37,0.40,0.40,0.39,0.36,0.36,0.37,0.49,0.46,0.51,0.58,0.58,0.54,0.47,0.50,0.50,0.53,0.56,0.68,0.72,0.71,0.71,0.73,0.82,0.80,0.77,0.90,1.06,0.75,0.58,0.70,0.69,0.68,0.87,1.17,0.90,0.82,0.85,0.75,0.73,0.69,0.76,0.80,0.87,0.89,0.69,0.75,0.77,0.79,0.85,0.78,0.65,0.64,0.69,0.73,0.71,0.70,0.67,0.78,0.86,0.72,0.71,0.87,0.84,0.78,0.78,0.80,0.82,0.82,0.80,1.13,1.31,1.07,1.04,0.90,0.76,0.79,0.76,0.69,0.78,0.76,0.69,0.60,0.62,0.66,0.64,0.65,0.73,0.64,0.74,0.77,0.64,-52.28,+4.51
R,09:10:00,09:14:34,1.59,1.43,1.96,2.19,1.93,1.74,1.27,1.55,1.44,1.47,1.81,2.09,2.53,2.01,1.99,2.32,3.01,2.78,3.16,3.89,5.83,3.11,2.66,2.07,2.17,2.19,2.32,2.52,2.55,2.15,2.75,3.17,3.74,3.98,3.44,3.30,5.16,5.17,4.21,5.12,4.45,4.65,3.70,3.43,3.25,2.88,2.62,2.82,2.86,2.65,2.40,2.36,2.63,2.67,2.71,2.78,2.60,2.36,2.29,2.31,3.12,2.87,3.30,4.06,4.26,3.90,3.32,3.39,3.30,3.29,3.91,5.03,5.16,4.72,4.56,4.75,5.25,4.84,4.67,5.85,7.25,4.96,3.71,4.73,4.34,4.21,5.54,8.11,5.71,5.22,5.73,4.70,4.48,4.27,5.07,5.53,6.75,6.93,4.94,5.48,5.69,5.81,6.32,5.78,4.45,4.01,4.26,4.66,4.61,4.57,4.63,5.94,6.60,5.48,5.12,6.20,6.02,5.34,5.20,5.38,5.57,5.40,4.92,7.90,10.73,8.27,7.38,6.25,4.86,5.32,5.11,4.57,5.44,5.19,4.87,3.76,3.76,4.34,4.19,4.21,5.06,4.11,4.91,5.12,4.15,-52.28,+4.51
L,09:20:00,09:24:34,0.33,0.36,0.42,0.44,0.41,0.48,0.40,0.57,0.47,0.56,0.53,0.49,0.52,0.53,0.56,0.58,0.72,0.90,1.09,1.11,0.87,0.57,0.56,0.43,0.37,0.36,0.35,0.42,0.39,0.37,0.46,0.50,0.53,0.63,0.71,0.73,0.69,0.78,0.77,0.77,0.88,1.29,1.43,1.20,1.12,1.23,1.16,1.18,0.88,0.70,0.69,0.80,0.73,0.68,0.64,0.69,0.56,0.52,0.61,0.59,0.69,0.65,0.65,0.67,0.70,0.74,0.78,0.88,1.05,1.18,1.00,1.09,0.95,0.86,0.82,0.75,0.76,0.85,0.95,0.92,0.89,0.85,0.79,0.74,0.82,0.85,0.91,0.98,1.02,0.98,0.89,0.94,0.91,0.91,0.98,0.95,0.92,0.91,0.92,0.95,0.96,0.95,0.80,0.72,0.71,0.81,0.92,0.94,0.98,0.93,0.94,0.87,0.81,0.84,0.90,0.87,0.88,0.97,1.07,1.17,1.24,1.29,1.22,1.11,1.08,1.18,1.19,1.18,1.45,1.43,1.13,0.97,0.90,0.89,0.94,1.03,1.17,1.17,1.33,1.07,0.98,1.00,1.07,1.44,1.16,-50.49,+5.95
R,09:20:00,09:24:34,2.20,2.45,2.81,3.01,2.91,3.18,2.65,4.19,3.45,4.12,4.09,3.70,3.81,3.84,4.05,4.12,5.08,5.96,6.89,6.88,5.70,4.10,4.14,3.22,2.72,2.88,2.71,3.28,2.92,2.80,3.52,3.76,3.90,4.63,5.16,5.09,4.71,5.24,5.12,4.98,5.64,7.69,8.24,6.99,6.77,7.50,7.19,7.68,6.12,4.62,4.70,5.39,4.94,4.48,4.30,4.83,3.79,3.55,4.30,4.27,5.02,4.60,4.36,4.29,4.53,4.86,4.94,5.61,6.48,6.86,5.98,6.57,5.75,5.38,5.14,4.80,5.04,6.02,6.89,6.61,6.46,6.19,5.80,5.34,5.83,6.05,6.52,7.06,7.35,6.93,6.22,6.57,6.11,6.20,6.58,6.22,5.75,5.64,5.65,5.85,6.01,6.19,5.29,4.78,4.76,5.54,6.40,6.75,6.96,6.68,6.75,6.25,5.53,5.59,5.75,5.64,5.88,6.50,7.44,8.32,8.89,9.34,8.72,7.90,7.70,8.73,8.46,8.47,10.97,10.78,8.06,6.68,6.20,6.12,6.46,7.27,8.34,8.43,9.95,7.70,6.93,6.96,7.64,10.51,8.27,-50.49,+5.95
L,09:30:00,09:34:34,0.89,0.85,0.93,1.09,1.00,0.87,0.71,0.77,0.71,0.73,0.77,0.90,1.40,1.53,1.63,1.79,1.79,2.00,2.31,2.43,2.51,2.69,1.91,1.02,0.89,0.79,0.86,1.00,1.09,0.93,1.69,1.58,1.78,2.01,2.67,3.06,5.68,6.32,4.31,3.69,2.72,2.06,1.74,1.98,1.92,1.96,1.83,1.73,1.64,1.31,1.23,1.09,1.15,1.34,1.37,1.73,1.82,1.50,1.38,1.82,2.07,1.57,2.09,2.44,2.16,2.04,1.55,1.31,1.33,1.32,1.42,1.72,1.89,1.88,1.92,2.71,3.84,4.86,3.96,5.29,6.37,6.14,4.36,3.06,3.47,4.97,4.41,4.10,4.43,4.83,4.81,3.63,2.37,2.09,1.86,1.92,2.24,2.27,2.03,1.86,2.01,2.32,2.72,3.10,2.81,2.61,2.33,2.12,1.97,2.15,2.53,2.55,3.08,2.62,2.34,2.29,2.00,1.47,1.41,1.78,2.84,3.93,4.35,4.72,3.79,3.46,2.84,3.25,3.02,1.89,1.31,1.37,1.42,1.61,1.79,1.84,1.69,2.42,1.38,1.11,1.11,1.10,1.22,1.39,1.12,-48.66,+7.35
R,09:30:00,09:34:34,7.65,7.38,7.76,9.39,8.99,7.80,6.26,6.98,6.52,6.80,7.28,8.26,12.40,13.42,14.35,14.53,13.34,14.61,15.13,16.01,19.18,21.33,14.56,8.55,7.61,6.97,7.66,8.91,9.52,8.36,14.19,12.83,13.45,15.22,21.04,21.91,44.46,52.93,34.72,30.17,21.83,16.02,12.56,14.58,13.50,12.22,12.53,13.13,13.53,10.88,10.40,9.12,9.74,11.61,11.59,14.60,15.25,11.76,10.43,15.11,15.78,11.88,17.39,20.37,18.55,17.24,13.07,10.81,10.98,10.07,11.37,14.25,15.37,15.08,15.07,21.96,31.63,39.61,29.45,39.55,50.56,50.46,36.43,24.68,27.13,39.06,34.94,31.94,36.27,39.03,39.17,29.25,18.57,16.70,14.91,15.23,18.56,19.03,17.01,15.64,16.63,19.50,22.66,25.75,23.29,21.57,19.18,15.79,15.42,17.12,20.81,21.39,25.91,21.95,19.40,18.76,16.15,11.33,10.81,13.89,22.76,32.46,35.54,37.47,28.55,27.02,23.22,26.58,23.57,14.60,10.35,10.78,11.79,12.83,14.22,15.11,13.38,18.73,10.46,8.63,8.65,8.50,9.42,10.48,8.88,-48.66,+7.35
L,09:40:00,09:44:34,1.28,1.38,1.34,1.32,1.36,1.10,0.97,1.10,0.97,0.97,1.02,0.99,1.02,0.94,0.97,1.30,1.84,1.88,2.33,2.66,2.41,1.63,1.25,0.99,1.69,1.79,4.40,2.67,1.65,1.44,1.41,1.41,1.46,1.63,1.99,2.16,2.93,3.27,3.09,3.73,3.77,3.53,1.88,1.61,1.78,1.56,1.36,1.35,1.37,1.41,1.36,1.56,1.66,1.81,1.72,1.67,2.13,2.39,1.83,1.44,2.51,3.29,3.28,2.53,1.62,1.59,1.73,1.76,1.98,1.91,2.07,2.30,2.08,1.83,2.42,4.13,4.61,5.06,3.47,2.73,2.35,2.34,2.41,2.51,3.16,3.49,4.38,4.66,5.18,6.40,5.96,4.06,3.13,2.57,2.00,2.14,2.17,2.22,2.16,2.04,1.96,1.98,1.80,2.02,2.42,3.16,3.45,3.46,3.04,3.21,2.49,1.95,2.16,1.91,1.92,1.97,1.92,2.15,2.25,2.99,3.85,4.52,4.10,4.16,4.08,4.09,3.25,3.53,3.75,3.21,2.77,2.17,1.78,1.90,2.08,2.31,2.92,3.55,3.47,2.69,2.00,2.08,3.25,4.24,2.87,-46.80,+8.72
R,09:40:00,09:44:34,10.27,11.30,10.36,10.36,11.39,8.76,7.99,9.22,8.30,8.26,8.78,8.32,8.53,8.37,9.08,11.69,15.25,14.41,16.45,18.25,15.64,12.20,10.11,8.42,14.45,15.20,40.91,21.45,13.48,12.17,10.61,10.76,11.19,12.47,15.33,16.57,22.80,23.79,20.14,28.81,29.90,29.16,15.07,12.83,14.76,12.91,10.86,10.57,10.83,11.08,11.03,12.60,13.30,14.41,12.97,12.51,16.47,18.84,13.66,10.71,18.92,26.04,25.30,19.58,12.04,11.85,13.20,13.45,15.54,14.91,16.36,18.16,16.04,14.00,18.68,32.31,36.48,39.64,25.57,19.54,17.07,17.06,18.10,18.15,23.60,26.56,34.39,36.65,40.65,51.13,46.12,30.61,23.74,19.65,15.14,16.40,16.53,17.04,16.58,15.40,14.93,14.81,13.58,14.82,17.85,23.58,26.22,25.64,23.03,24.72,18.56,14.45,16.55,14.17,14.31,14.72,14.26,16.34,17.06,22.87,30.02,35.79,32.00,31.39,31.14,32.24,23.38,26.46,28.73,24.62,21.48,16.42,13.20,13.94,15.81,18.01,21.91,25.29,26.65,20.35,15.20,15.55,24.97,32.73,21.30,-46.80,+8.72
L,09:50:00,09:54:34,1.86,1.93,1.72,1.48,1.22,1.26,1.00,1.20,1.34,1.31,1.99,1.56,1.33,1.30,1.26,1.71,2.33,2.31,2.38,2.06,1.87,1.36,1.22,1.07,2.62,3.37,19.41,5.28,3.25,2.30,3.47,4.06,3.83,3.31,3.06,2.95,2.49,2.51,2.29,1.97,1.91,2.20,2.87,2.88,2.45,2.74,3.40,3.50,3.46,2.95,2.24,2.11,1.84,1.76,1.65,2.08,2.86,3.00,2.71,3.00,2.40,2.78,3.00,2.86,2.24,1.86,1.65,2.14,2.12,2.27,2.39,2.26,2.44,2.21,1.76,1.58,1.85,2.29,3.02,3.12,3.12,2.83,2.90,2.75,2.13,2.46,3.34,2.72,3.00,2.85,2.42,1.79,1.47,1.46,1.49,1.65,1.93,1.96,2.24,1.93,1.84,1.90,1.88,2.23,2.60,2.57,2.63,2.88,2.59,2.38,2.33,2.57,1.97,1.76,2.05,1.57,1.37,1.27,1.12,1.10,1.32,1.45,1.86,2.28,1.90,2.21,1.75,2.02,1.26,1.02,1.22,0.90,0.89,1.03,1.35,1.20,1.66,1.50,1.39,1.09,0.77,0.78,0.97,1.36,0.77,-44.91,+10.05
R,09:50:00,09:54:34,14.50,15.54,13.61,11.64,9.43,10.29,8.26,9.57,10.77,10.37,16.02,12.50,10.80,11.04,11.17,14.65,17.65,16.45,16.89,15.24,14.71,10.87,9.60,8.40,21.34,27.40,182.04,42.51,25.33,18.02,25.38,28.76,26.98,22.57,23.12,22.52,19.01,19.50,17.64,14.19,12.57,14.26,21.86,22.97,18.48,17.98,23.43,23.98,25.01,21.95,15.63,14.48,12.55,12.29,11.65,15.33,21.58,22.58,19.43,21.48,17.06,19.30,22.60,21.09,16.25,13.09,10.83,14.15,13.54,13.68,15.84,14.98,16.97,15.20,11.14,9.63,12.10,15.79,21.39,21.66,22.31,20.42,20.25,18.78,14.47,16.11,23.64,18.40,20.86,19.69,16.53,11.79,9.30,9.12,9.48,10.46,13.18,12.97,15.66,13.11,12.43,13.19,13.33,16.22,18.89,18.30,18.84,20.81,18.87,17.22,16.35,19.54,13.71,12.48,14.32,10.30,8.83,8.07,6.76,6.61,8.25,9.09,12.14,15.35,12.50,14.37,11.86,14.14,7.94,6.21,7.99,5.18,5.13,6.20,9.12,7.61,11.43,9.66,9.47,6.56,4.46,4.40,5.70,8.27,4.32,-44.91,+10.05
L,10:00:00,10:04:34,2.05,1.69,1.52,1.70,1.72,1.63,1.29,1.45,1.44,1.74,1.72,2.01,2.32,1.84,1.83,1.45,1.51,2.02,2.15,1.75,1.51,1.50,1.65,1.92,6.58,16.27,44.72,16.28,7.02,3.40,5.68,7.21,10.64,12.15,8.10,5.80,5.45,3.71,3.48,2.56,2.16,2.02,2.29,2.60,2.69,3.29,3.78,3.52,2.80,2.42,2.39,2.52,2.20,2.35,2.42,2.77,2.68,2.93,3.64,6.46,4.25,3.78,2.53,2.08,1.98,1.86,2.27,2.22,2.76,2.58,2.33,2.06,1.96,2.11,1.81,1.98,2.89,3.75,4.62,8.33,10.61,13.75,12.44,7.17,6.04,6.19,7.34,4.88,5.66,4.63,3.46,2.29,2.02,2.19,1.75,1.51,1.52,1.61,1.55,1.65,1.54,1.51,1.45,1.40,1.85,2.94,4.13,4.31,3.83,3.29,2.39,1.94,1.37,1.36,1.31,1.34,1.43,1.59,1.72,2.15,2.72,3.92,5.34,5.46,6.74,4.83,3.80,4.22,2.92,2.27,1.78,1.74,1.60,1.54,1.47,1.57,2.09,3.07,2.30,1.76,1.75,1.80,2.22,3.12,2.05,-42.97,+11.33
R,10:00:00,10:04:34,15.23,12.89,11.25,13.04,13.59,13.06,10.62,11.75,11.08,13.32,13.47,15.94,18.11,14.41,14.81,11.80,12.20,16.76,15.09,13.27,12.02,11.76,12.72,15.57,53.81,144.61,452.68,133.75,53.34,24.82,40.46,50.10,78.20,99.52,64.02,44.42,41.79,27.89,26.55,18.80,15.75,13.94,15.43,18.07,17.89,19.74,24.01,23.88,19.59,17.57,16.94,18.40,15.91,17.12,17.16,20.10,18.09,20.14,25.55,50.98,26.26,28.19,17.45,13.79,12.57,11.48,15.11,14.26,18.57,16.05,13.64,12.04,11.90,14.09,11.80,13.39,20.70,27.78,33.08,63.49,78.32,104.34,90.89,51.94,44.43,43.37,52.97,32.12,39.90,32.41,24.11,15.44,13.98,15.38,11.37,9.07,9.17,9.71,9.16,10.20,9.34,9.13,9.04,8.43,11.74,19.86,29.45,30.34,26.05,21.80,16.84,12.70,8.66,8.21,8.17,8.37,8.98,10.51,11.45,14.68,19.30,28.05,40.31,40.61,48.98,32.55,25.58,29.71,19.16,15.59,11.96,11.89,10.80,10.16,9.54,10.61,14.47,20.84,16.05,12.40,12.27,12.41,15.74,22.68,14.02,-42.97,+11.33
L,10:10:00,10:14:34,1.44,1.20,1.75,1.96,1.51,1.46,1.14,1.53,1.58,2.23,2.57,3.46,3.71,2.97,2.97,2.61,2.22,1.93,1.66,1.31,1.17,1.53,1.95,3.06,8.16,8.52,5.55,2.96,2.11,1.82,2.09,3.18,5.00,6.80,3.82,4.22,2.92,2.10,1.98,1.95,1.60,1.98,2.21,2.55,3.60,4.19,4.66,4.52,4.05,3.56,3.44,2.96,2.58,2.79,3.20,3.03,2.82,2.86,2.38,3.05,6.38,4.54,4.08,4.21,2.90,2.49,2.96,2.89,3.02,3.23,3.06,2.55,2.63,2.18,2.19,3.13,3.93,4.72,6.39,8.83,9.31,10.03,9.54,6.83,8.46,9.57,8.78,8.84,8.02,7.44,5.54,4.19,2.82,2.27,2.12,2.43,2.20,2.09,2.34,2.44,2.34,2.33,2.69,3.02,3.53,4.32,5.78,6.14,4.50,4.60,3.62,4.14,2.78,2.19,2.11,2.09,2.10,2.39,2.10,2.15,2.53,4.20,5.04,7.06,7.06,6.43,4.13,3.11,2.59,2.31,2.15,2.27,2.20,2.03,2.30,2.71,3.39,4.37,3.03,2.28,2.30,2.29,1.90,3.82,2.71,-41.00,+12.56
R,10:10:00,10:14:34,10.96,9.14,13.86,15.48,11.78,11.73,9.29,12.87,12.78,16.72,20.22,26.66,27.83,24.26,22.93,19.96,16.71,14.62,12.24,9.60,9.07,12.22,15.17,24.50,66.31,67.54,42.65,22.51,15.60,13.85,14.71,22.68,35.94,52.21,26.48,30.21,20.58,14.47,14.00,14.14,11.40,13.53,15.16,16.52,22.16,26.68,32.75,31.75,27.29,25.34,25.53,21.91,19.07,21.52,24.98,22.86,21.06,21.50,17.01,22.88,47.35,33.89,30.65,32.70,21.38,17.48,21.61,20.89,21.45,22.51,19.75,16.71,18.20,14.91,15.29,23.28,29.94,34.26,47.02,66.25,68.31,73.88,73.98,48.66,62.04,70.70,63.49,62.46,56.60,54.84,40.86,30.32,20.14,16.27,14.48,17.38,15.22,13.96,16.42,17.29,16.57,16.42,19.61,22.96,25.64,32.50,43.03,43.96,31.50,34.21,27.20,31.59,20.46,15.65,15.16,15.11,15.03,17.50,14.82,15.38,17.86,30.68,35.19,51.07,47.96,48.62,30.65,22.51,19.07,17.08,16.32,16.76,16.47,15.09,16.88,20.55,24.17,29.84,22.56,16.78,17.61,17.30,13.69,28.68,21.29,-41.00,+12.56
L,10:20:00,10:24:35,4.02,2.72,2.88,2.81,2.38,2.35,2.29,2.49,2.72,3.88,3.58,3.79,4.57,4.24,4.10,4.17,4.20,4.28,4.06,2.29,2.30,3.34,5.44,7.32,14.88,21.13,67.62,22.88,8.50,8.54,11.44,20.10,58.61,109.53,13.69,11.40,10.45,8.98,6.46,4.66,3.52,3.13,3.59,3.91,4.26,4.75,5.15,4.72,4.73,4.46,4.26,3.62,3.23,3.30,3.55,3.81,4.60,6.12,7.21,9.01,9.39,6.20,3.57,4.48,3.51,3.10,2.79,3.46,3.73,4.33,4.43,3.48,3.14,2.36,2.03,2.07,2.30,2.87,4.61,10.44,16.42,32.66,19.20,14.12,6.32,9.70,13.62,9.58,5.05,2.91,2.54,1.66,1.62,1.57,1.81,2.19,2.58,3.07,3.06,2.57,2.23,2.63,2.82,2.39,2.29,2.18,3.10,3.58,3.98,2.16,1.71,2.30,1.56,1.50,2.04,2.26,2.04,1.73,1.39,1.43,1.60,2.08,3.60,5.69,3.70,3.69,2.13,2.56,3.10,1.46,1.40,1.89,1.91,1.52,1.82,1.72,1.43,2.34,2.02,1.50,1.80,2.27,2.50,2.53,2.36,-38.98,+13.75
R,10:20:00,10:24:35,30.98,20.99,22.19,21.39,17.44,18.84,17.64,18.89,20.83,27.99,25.79,26.80,31.76,31.24,32.93,30.47,28.39,26.75,24.80,16.21,17.99,26.84,43.28,58.50,120.19,174.65,0.36,165.60,63.74,69.98,81.08,151.23,0.27,0.21,81.81,72.83,73.18,67.28,49.20,36.10,25.78,20.37,23.14,27.74,31.88,33.27,36.15,33.53,32.31,30.91,29.83,25.35,23.45,25.30,27.45,30.01,35.88,48.40,54.37,66.31,72.71,43.68,25.23,34.87,26.01,23.37,20.21,25.66,27.16,31.24,33.03,24.45,21.70,15.39,13.02,13.76,15.18,18.46,32.86,79.23,122.71,245.83,137.52,109.35,39.75,69.17,95.68,65.95,33.20,19.29,18.20,10.88,10.77,10.21,12.30,14.99,18.14,22.09,22.25,18.09,14.80,18.55,20.94,18.06,17.96,15.45,20.27,25.69,30.43,15.52,11.88,18.02,11.06,10.86,15.28,16.67,15.25,12.80,10.16,10.61,12.09,15.44,25.70,40.46,23.34,26.61,16.34,20.37,24.87,11.07,11.07,15.07,15.70,11.75,14.82,14.40,11.57,18.82,16.82,12.76,15.58,19.42,21.48,21.70,19.81,-38.98,+13.75
L,10:30:00,10:34:34,9.20,6.93,5.66,4.19,3.34,3.16,2.08,2.59,2.84,3.64,4.27,4.49,5.12,4.55,3.87,4.22,4.14,3.70,2.95,2.89,3.58,6.18,7.51,6.81,13.93,19.91,31.75,43.44,20.29,12.26,16.47,20.42,83.32,78.46,21.89,16.01,10.60,7.81,5.73,5.00,3.77,3.97,3.98,4.03,4.11,5.05,5.01,4.78,4.91,5.29,4.77,4.18,4.03,3.50,3.98,4.54,5.75,7.94,10.38,14.08,10.32,7.76,6.19,5.16,4.23,3.38,3.25,3.15,3.88,4.69,4.80,4.39,3.60,3.24,3.35,2.93,3.08,3.67,3.12,6.13,7.73,18.74,25.62,16.67,11.46,13.65,14.83,10.08,4.23,3.65,2.32,1.92,2.31,2.23,2.49,3.22,3.91,4.96,4.65,3.99,3.14,2.87,3.38,3.80,3.81,3.73,5.82,7.18,6.80,4.27,3.73,2.86,1.99,2.41,3.96,4.55,3.56,2.80,2.70,2.81,3.19,3.26,4.22,6.94,6.85,6.72,2.78,3.90,5.03,3.54,2.71,2.69,3.64,4.30,4.12,2.84,1.83,2.14,3.61,4.01,4.17,2.69,2.83,3.55,4.15,-36.93,+14.89
R,10:30:00,10:34:34,69.85,53.78,42.82,29.78,23.73,24.66,16.94,21.55,20.16,23.06,26.68,30.24,33.28,33.16,31.39,31.35,27.88,22.84,21.30,21.23,28.88,48.99,52.52,46.37,105.20,153.01,255.45,362.36,154.83,89.43,121.54,144.12,-0.63,-0.77,149.85,114.45,70.75,53.35,39.16,36.15,26.51,28.68,29.61,29.69,29.73,35.01,33.78,29.34,30.52,35.95,31.83,28.73,28.41,24.29,29.24,33.47,41.79,58.89,75.38,102.00,71.44,56.29,45.44,38.91,31.65,23.91,22.63,20.99,27.28,34.46,36.19,31.91,24.96,22.24,23.50,20.00,20.84,25.16,18.75,40.04,54.50,154.86,202.65,115.69,79.25,94.96,110.09,75.03,30.58,27.11,14.48,11.75,15.48,14.81,16.88,22.94,28.07,37.47,34.97,29.27,21.54,19.88,24.56,28.83,28.52,27.66,41.49,49.71,50.01,29.35,25.63,19.54,13.20,17.22,30.41,34.37,26.00,19.93,19.66,20.75,24.66,22.84,28.20,53.57,49.24,48.29,18.09,27.16,38.47,26.22,19.89,19.83,27.32,32.72,32.20,22.46,13.33,14.63,27.40,31.34,31.65,19.66,21.40,26.04,31.20,-36.93,+14.89
L,10:40:00,10:44:34,11.47,6.89,4.92,4.65,3.79,3.77,2.64,2.86,2.61,3.56,5.04,5.30,5.38,4.37,3.79,3.71,3.64,3.35,3.03,3.31,5.05,6.56,7.03,6.28,12.96,16.77,22.94,43.40,22.02,18.59,26.14,37.29,109.53,62.23,30.94,21.70,15.93,11.20,7.48,4.66,3.66,3.55,3.68,4.02,3.92,4.10,4.48,4.85,5.11,5.07,4.48,4.00,3.79,4.23,4.65,4.84,4.84,5.27,10.32,16.06,13.09,7.97,3.94,4.42,3.04,3.40,3.84,4.11,4.12,4.50,4.60,4.35,4.43,4.15,3.77,4.17,5.15,7.02,11.76,17.34,30.19,37.75,31.58,23.01,11.60,21.54,17.42,13.67,11.76,7.97,5.15,4.55,3.90,3.16,3.52,3.46,3.55,4.00,3.71,3.28,2.76,2.52,2.82,2.64,2.38,2.43,3.32,4.27,4.62,2.43,2.18,1.65,1.75,2.31,2.59,2.93,2.55,2.35,2.52,2.88,2.99,4.27,6.43,5.89,3.90,2.86,1.99,2.15,2.33,2.95,2.18,1.96,2.04,2.13,2.44,2.33,1.87,3.21,2.46,2.44,2.12,2.03,2.19,3.21,2.65,-34.83,+15.97
R,10:40:00,10:44:34,92.34,54.83,30.41,29.11,26.22,30.16,22.36,23.93,20.63,27.12,36.75,35.45,35.98,31.71,27.19,24.82,24.10,22.84,23.39,26.10,39.99,47.42,45.37,44.25,99.66,124.48,180.65,364.34,164.62,145.59,190.48,268.32,0.12,-0.68,232.89,160.47,120.55,82.63,55.27,34.63,27.40,26.77,28.07,30.53,28.97,29.33,31.74,34.91,35.43,33.91,30.83,27.78,27.33,32.10,35.66,35.84,35.03,34.73,72.93,116.46,99.34,60.93,26.15,31.33,20.78,25.76,29.17,30.62,30.12,32.83,34.73,32.68,33.37,30.96,28.05,31.42,38.76,51.48,86.24,127.85,227.76,294.19,236.98,166.84,81.30,150.70,118.91,96.30,82.00,57.65,36.81,33.78,29.42,23.19,26.32,25.55,26.05,30.07,27.88,24.02,20.10,18.02,20.97,19.19,16.71,15.90,22.24,27.98,33.61,17.54,15.44,11.49,12.94,17.61,20.11,22.43,19.45,17.84,19.03,22.40,23.18,31.58,47.13,42.52,27.61,20.01,15.44,16.04,18.89,23.85,17.39,15.34,16.36,16.83,20.12,19.78,14.88,25.99,19.86,20.66,18.11,17.61,18.35,26.62,23.09,-34.83,+15.97
L,10:50:00,10:54:34,9.61,7.42,6.67,5.15,4.43,4.34,3.58,4.33,4.11,5.44,6.25,7.35,7.83,6.40,5.48,5.12,4.44,4.69,4.77,4.81,5.89,6.43,6.91,7.13,12.64,24.15,40.00,55.01,25.57,13.77,10.01,21.51,109.53,33.58,11.30,7.01,6.44,6.46,7.48,6.36,4.45,4.07,4.01,4.13,4.32,5.00,5.55,5.20,5.41,5.47,4.21,3.54,3.15,3.07,3.19,3.32,4.61,7.03,7.82,7.16,17.40,6.81,4.47,2.51,2.20,2.41,2.47,2.28,2.51,2.73,3.63,3.60,3.54,4.03,4.12,4.27,5.62,6.43,8.51,15.13,22.69,19.73,17.30,16.36,20.20,18.07,20.02,12.76,9.25,6.79,4.81,4.95,3.46,4.21,3.50,3.50,3.40,3.19,2.87,2.01,1.84,1.74,1.98,2.71,3.98,6.03,8.59,13.64,10.81,7.56,4.07,2.94,2.48,2.15,2.80,3.03,3.43,3.81,3.26,3.57,5.17,5.44,7.47,9.88,10.66,11.77,7.69,7.78,6.31,3.64,3.73,3.94,3.76,3.83,3.62,4.12,5.47,6.61,4.90,3.84,4.22,3.83,4.71,6.51,5.20,-32.69,+16.99
R,10:50:00,10:54:34,67.04,52.11,49.63,32.98,27.98,31.08,28.47,36.80,33.02,43.93,45.23,49.96,47.96,43.53,41.86,39.75,35.47,35.43,34.82,33.74,40.32,43.85,48.93,54.02,95.12,192.58,338.82,502.77,197.11,100.29,63.73,134.40,11.61,242.10,64.86,37.93,38.15,43.33,55.83,48.05,32.21,29.17,27.99,27.85,28.60,31.29,36.26,32.80,35.59,37.42,27.34,21.47,18.30,19.06,19.34,19.60,30.00,51.61,55.17,44.39,134.02,47.94,29.90,15.42,13.89,16.20,16.50,13.34,14.66,16.37,24.42,24.51,24.36,29.52,29.85,31.12,41.60,44.71,61.55,112.78,171.69,147.65,128.37,119.43,150.78,140.19,154.51,91.52,64.47,49.22,33.84,36.73,22.92,30.46,24.17,23.81,22.87,20.88,18.76,11.34,10.26,9.40,11.59,17.38,27.55,41.50,60.84,99.63,77.58,54.65,26.10,19.20,16.14,12.89,18.42,19.74,23.08,26.75,21.89,24.43,37.59,40.07,55.71,75.03,80.97,82.67,56.24,56.86,43.29,23.89,25.48,27.23,25.12,26.63,24.35,28.21,38.63,46.24,33.99,26.06,28.45,25.44,32.80,47.74,34.67,-32.69,+16.99
L,11:00:00,11:04:34,14.07,7.15,6.04,5.86,4.66,4.32,3.28,4.49,4.00,5.13,6.36,7.58,7.76,6.54,5.80,5.74,4.96,5.04,4.95,4.76,5.61,6.28,6.87,6.72,11.23,18.35,29.15,53.54,34.82,24.43,11.92,38.34,109.53,24.76,10.14,6.43,5.15,4.28,3.93,3.46,3.10,3.51,3.51,3.81,4.57,4.85,4.87,4.82,5.13,5.11,4.35,3.88,3.38,3.74,3.73,3.11,3.32,4.19,4.88,6.46,4.35,2.91,2.33,1.99,1.88,2.08,2.68,2.99,2.97,2.82,2.82,2.69,2.48,2.31,2.12,2.22,2.08,2.47,3.00,3.89,6.51,12.73,17.56,8.06,3.73,5.38,5.11,3.48,2.47,2.02,1.72,1.64,1.55,1.55,1.56,1.63,1.70,1.73,1.70,1.66,1.57,1.47,1.41,1.43,1.53,1.73,2.06,2.56,1.82,1.52,1.33,1.21,1.16,1.17,1.21,1.24,1.25,1.23,1.23,1.26,1.32,1.45,1.69,1.97,2.25,2.12,1.52,1.46,1.30,1.18,1.10,1.05,1.03,1.01,1.02,1.09,1.23,1.41,1.17,1.04,0.97,1.00,1.10,1.20,1.06,-30.51,+17.96
R,11:00:00,11:04:34,106.00,50.45,39.17,39.27,29.55,26.94,22.14,30.75,30.43,41.47,46.75,52.50,52.12,45.58,41.13,39.83,34.76,34.32,31.34,31.58,39.16,45.08,45.55,49.07,81.23,142.20,234.56,466.46,267.80,182.73,68.65,240.86,10.39,172.97,60.32,34.98,27.75,22.52,20.66,17.85,15.79,18.65,18.29,21.24,28.99,28.42,27.23,26.04,29.43,31.07,26.70,23.13,18.94,23.76,23.59,15.55,16.14,22.07,26.41,35.83,24.80,14.51,10.62,8.21,7.25,8.99,13.28,15.71,14.61,12.78,12.06,11.38,9.78,8.60,7.29,8.60,7.08,9.66,13.63,19.98,38.35,88.31,124.36,49.64,17.64,28.84,27.33,15.88,8.45,5.08,2.89,2.24,1.18,0.94,0.84,1.11,1.54,1.63,1.27,1.02,0.45,-0.30,-0.53,-0.63,0.06,1.24,3.57,7.03,1.94,-0.34,-1.89,-2.83,-3.42,-3.38,-3.29,-3.14,-3.13,-3.45,-3.37,-3.23,-2.66,-1.70,0.07,1.78,3.85,2.78,-1.61,-2.12,-3.43,-4.43,-5.38,-5.98,-6.02,-6.15,-6.10,-5.28,-4.50,-3.20,-4.98,-5.96,-6.60,-6.42,-5.54,-4.82,-5.91,-30.51,+17.96
L,11:10:00,11:14:34,12.29,9.61,8.59,6.03,4.46,4.31,3.07,4.44,3.87,5.11,6.41,7.16,7.43,5.96,5.28,5.30,4.57,4.84,3.75,3.96,4.68,5.65,7.75,7.48,11.92,16.27,28.57,49.84,37.73,18.74,22.30,109.53,109.53,19.77,8.85,6.01,5.18,4.59,4.77,4.40,3.59,3.40,3.53,3.78,4.09,4.32,4.43,4.38,4.21,4.03,3.90,3.44,3.10,2.91,2.95,3.40,3.65,4.76,12.29,20.71,6.67,3.71,2.48,2.07,1.89,1.86,1.96,2.23,2.45,2.53,2.53,2.49,2.37,2.24,2.15,2.51,2.61,2.42,2.86,3.54,5.78,12.74,34.30,20.57,4.91,6.25,5.04,3.61,2.64,2.17,1.88,1.70,1.65,1.58,1.60,1.64,1.71,1.76,1.73,1.61,1.51,1.44,1.42,1.47,1.72,3.00,3.37,4.04,3.50,2.34,1.44,1.26,1.19,1.20,1.24,1.28,1.28,1.28,1.32,1.48,1.68,1.87,1.96,3.16,6.17,5.75,2.24,1.69,1.79,1.62,1.27,1.13,1.10,1.10,1.25,1.44,2.15,3.00,2.24,1.37,1.12,1.15,1.40,1.82,1.47,-28.29,+18.87
R,11:10:00,11:14:34,88.06,70.81,65.80,41.11,27.69,27.98,21.08,30.45,26.45,38.58,45.38,43.88,45.42,43.34,41.78,40.55,34.57,36.46,28.21,31.59,37.91,43.85,59.94,59.27,89.06,121.18,217.01,421.27,280.71,124.32,171.09,-0.25,0.70,130.63,56.16,37.14,32.17,27.85,30.35,28.11,22.25,20.24,20.68,21.70,23.16,24.40,25.02,24.82,23.88,23.43,24.29,20.45,18.53,17.38,17.65,20.98,21.44,26.92,84.65,158.20,43.52,25.20,15.45,12.46,11.16,10.87,11.48,13.24,14.65,14.77,14.63,14.27,13.53,12.77,12.39,15.40,15.83,14.36,17.57,21.76,37.19,93.86,248.61,159.24,31.23,42.45,33.42,23.58,16.36,12.93,10.77,9.45,8.82,8.25,8.30,8.43,8.91,9.24,9.07,8.40,7.83,7.38,7.38,7.65,9.17,19.01,20.98,27.04,24.31,14.81,7.58,6.42,5.79,5.78,6.05,6.25,6.31,6.17,6.63,8.27,9.96,11.30,11.71,20.53,42.91,38.19,13.58,9.40,10.39,8.96,6.17,4.78,4.67,4.67,6.36,7.80,13.22,20.86,13.27,7.11,5.03,5.22,7.44,10.97,7.64,-28.29,+18.87
L,11:20:00,11:24:35,10.53,7.89,10.20,8.30,5.07,4.47,3.06,4.00,3.55,4.25,4.18,3.86,4.00,3.69,3.60,3.81,3.40,3.36,3.56,3.31,3.64,5.03,6.25,6.35,8.33,13.27,27.71,43.97,33.98,17.49,38.35,109.53,109.53,38.91,28.58,18.88,12.92,8.94,7.11,5.80,4.89,4.76,3.93,3.74,3.97,4.87,5.35,5.07,4.99,4.71,4.39,4.42,4.70,5.09,6.47,8.09,9.56,11.97,19.34,28.51,28.44,16.24,11.71,8.21,6.51,5.47,4.87,4.50,4.13,3.95,4.09,4.00,4.16,4.63,5.23,6.66,7.78,9.09,11.49,17.98,26.66,41.66,72.24,43.88,26.67,30.10,27.27,21.35,15.45,11.40,9.64,8.59,7.18,6.18,5.61,5.13,4.86,4.80,4.73,4.84,5.16,5.62,6.12,7.10,9.02,11.58,15.65,17.68,13.37,11.82,9.66,7.84,6.90,6.08,5.65,5.66,5.71,5.91,6.31,6.97,8.21,9.88,12.04,13.96,16.42,16.96,11.16,10.45,9.09,7.83,6.67,6.36,6.55,6.64,6.81,7.32,8.94,11.03,8.45,7.38,7.03,6.75,7.04,8.60,7.39,-26.03,+19.71
R,11:20:00,11:24:35,67.64,52.55,79.11,62.17,38.68,33.52,21.93,25.60,23.63,31.35,34.29,29.14,30.51,29.57,29.40,30.27,26.07,24.04,27.12,25.33,28.02,38.61,47.86,49.44,64.68,105.08,212.99,357.11,241.11,111.45,292.88,-1.23,-2.51,291.29,213.44,140.45,95.30,64.16,51.43,40.99,34.24,33.57,27.14,25.91,26.50,32.26,36.06,33.89,33.57,31.86,29.75,30.67,33.30,35.65,44.93,57.40,67.93,84.43,139.52,207.13,202.57,113.45,82.99,57.23,45.01,37.76,33.24,30.50,27.65,26.42,27.04,26.41,27.76,31.13,35.57,46.06,54.71,64.25,81.80,129.69,194.36,313.68,-4.46,318.72,188.56,212.56,191.71,150.31,109.33,80.21,67.40,59.59,49.30,42.16,38.32,34.84,32.99,32.70,32.31,33.34,35.83,39.29,42.92,49.78,63.80,82.26,112.07,122.63,94.24,84.87,69.06,55.96,48.88,42.76,39.93,39.98,40.31,41.81,44.82,49.61,58.73,70.57,86.16,98.40,115.80,118.93,78.20,73.81,64.84,56.53,47.98,45.74,47.43,48.31,49.71,53.29,64.00,79.03,60.17,54.11,51.78,49.17,51.70,62.60,54.09,-26.03,+19.71
L,11:30:00,11:34:34,8.43,7.28,7.34,6.54,4.87,4.46,2.91,3.32,2.60,2.83,3.16,3.57,4.42,4.44,3.07,2.88,3.09,3.52,3.16,3.51,4.33,4.50,4.26,4.21,4.01,4.01,5.80,9.00,10.59,10.49,45.49,109.53,109.53,30.66,20.34,15.01,11.39,9.57,7.43,6.43,5.27,4.82,5.00,5.32,5.05,4.84,4.50,4.38,4.43,4.75,5.11,5.24,5.69,6.38,7.51,7.30,8.34,11.60,12.67,19.82,18.54,13.22,9.09,5.85,4.82,5.72,6.04,6.53,6.57,6.41,5.92,5.70,5.32,4.93,4.43,4.75,6.36,8.33,10.32,14.78,19.59,22.67,28.04,23.02,19.60,17.37,16.22,14.05,11.07,9.37,7.36,5.62,4.05,3.80,3.71,3.80,3.82,3.61,3.42,3.57,3.40,3.05,3.21,3.97,5.57,8.23,11.81,16.33,12.63,8.38,5.29,3.47,2.30,2.08,2.12,2.67,2.98,3.02,2.99,3.75,4.51,6.06,7.97,10.61,13.17,13.80,8.49,7.42,5.69,4.42,3.26,2.68,2.72,2.55,2.78,3.83,5.73,6.67,4.97,4.27,3.03,3.21,3.88,5.32,4.16,-23.74,+20.49
R,11:30:00,11:34:34,62.42,53.47,51.96,45.76,36.62,35.25,23.54,26.98,21.22,23.58,26.26,27.29,34.11,36.21,25.86,23.11,24.52,27.14,25.17,28.93,36.02,36.73,34.05,33.63,31.93,31.07,42.57,67.47,80.12,77.73,345.85,4.41,-0.52,235.38,156.35,114.77,85.08,72.07,55.74,49.04,40.40,37.52,39.68,42.78,40.45,38.98,36.00,34.87,35.18,37.76,40.67,41.49,44.80,49.95,58.96,55.83,61.27,86.34,93.07,144.01,133.73,97.88,67.50,45.09,36.36,43.63,46.98,50.97,50.91,49.76,45.68,43.96,40.82,37.94,33.55,36.16,48.02,62.58,75.61,107.45,137.55,158.67,181.37,161.60,143.25,124.72,116.39,100.16,79.78,68.65,54.19,41.99,29.81,28.58,27.91,28.39,28.40,26.61,24.62,26.50,25.50,23.06,23.81,30.20,40.39,61.09,84.97,117.75,92.87,60.75,39.30,26.17,17.04,14.86,15.47,19.91,22.17,22.57,22.00,28.11,33.50,44.56,58.15,75.13,95.08,97.80,60.93,53.68,42.15,33.19,24.40,19.60,20.19,18.96,20.51,29.22,42.57,47.45,36.80,31.88,22.31,24.29,29.24,38.82,30.96,-23.74,+20.49
L,11:40:00,11:44:34,3.93,4.17,5.50,4.81,3.70,3.57,2.57,3.43,3.06,2.83,3.00,3.54,3.86,3.44,2.75,3.12,3.40,3.51,3.47,3.41,3.92,4.27,5.21,4.72,5.65,5.86,6.13,6.36,5.65,6.38,13.24,12.68,11.56,10.25,9.97,9.03,8.10,7.15,6.34,6.04,5.27,5.13,5.49,5.47,5.11,4.95,5.02,5.05,5.08,5.23,5.11,4.90,5.03,5.34,6.27,8.21,10.54,13.19,12.41,12.01,20.06,16.17,13.62,9.83,7.54,6.18,5.20,5.22,5.77,6.07,6.11,6.43,6.48,5.35,5.26,5.18,5.26,6.93,8.68,11.00,11.27,17.05,23.94,21.96,14.32,16.19,15.47,14.25,11.52,7.73,6.48,5.94,4.92,4.16,4.05,4.86,5.59,5.01,4.31,4.17,4.23,4.79,5.61,7.05,9.82,13.45,14.35,13.14,11.65,11.85,9.60,6.64,5.10,4.32,3.69,3.82,4.10,3.50,3.22,4.30,5.22,6.81,7.92,10.58,12.59,13.62,9.45,8.10,6.63,5.01,3.21,3.07,3.33,3.37,3.54,4.62,6.84,8.20,5.85,4.32,3.52,3.24,4.31,5.71,4.19,-21.40,+21.20
R,11:40:00,11:44:34,29.94,32.16,42.45,36.26,29.02,28.60,21.03,28.75,26.02,23.58,24.67,28.35,30.86,28.52,23.78,26.55,27.76,28.45,28.43,27.81,32.27,35.17,42.62,38.55,46.32,47.55,48.25,49.90,43.35,49.24,100.61,92.00,84.17,74.50,72.67,67.16,61.25,54.58,48.82,46.82,40.83,40.45,43.80,43.50,40.96,39.60,40.27,40.32,40.06,40.72,39.73,38.26,40.00,42.22,48.19,62.78,78.91,98.73,93.14,90.65,145.40,119.64,101.88,74.45,58.50,48.14,40.48,40.66,44.73,46.94,47.12,50.32,50.42,41.90,41.57,40.60,40.47,53.19,65.95,84.19,83.83,128.70,174.80,158.09,100.71,115.53,111.73,103.61,84.99,57.13,49.78,46.40,38.39,33.03,32.15,37.70,43.89,39.63,34.06,33.12,33.78,37.98,44.36,53.86,74.34,100.83,107.65,96.35,85.69,90.12,72.20,51.52,40.58,34.96,29.91,31.01,32.93,28.12,26.30,34.63,41.32,52.47,58.57,77.47,91.22,98.81,71.68,61.42,51.38,39.45,26.34,25.22,27.64,28.11,29.25,37.01,52.15,60.78,45.12,34.96,29.71,27.13,34.89,44.73,33.83,-21.40,+21.20
L,11:50:00,11:54:34,8.01,7.89,6.92,5.99,5.61,4.93,3.13,3.67,3.20,3.47,3.25,3.37,3.76,3.40,3.49,4.08,4.24,4.59,4.18,4.06,4.59,5.48,5.79,6.22,7.71,7.63,8.04,9.05,10.46,10.34,68.36,109.53,54.38,33.04,23.14,16.33,10.74,7.49,7.39,6.47,5.84,6.38,5.62,5.41,5.33,5.71,6.17,6.07,6.06,6.19,6.04,6.16,6.08,6.05,6.49,7.82,10.85,15.26,25.30,43.20,27.49,16.19,12.66,8.38,5.13,4.09,4.80,5.64,6.18,6.33,6.00,6.10,6.07,6.01,6.51,6.40,4.29,5.36,8.92,11.10,20.00,36.45,55.83,47.76,24.95,24.40,21.31,17.18,13.05,7.83,6.08,6.45,6.14,5.53,4.60,4.24,4.00,4.00,3.53,3.89,3.81,4.43,5.42,5.08,8.11,10.40,13.76,21.56,17.98,13.75,10.20,6.18,3.87,3.84,3.19,2.98,2.43,2.57,3.14,4.58,6.14,7.15,10.68,14.45,17.78,16.45,9.10,8.69,7.42,4.98,2.22,1.85,2.24,2.51,2.37,4.63,6.99,9.04,4.29,2.39,1.93,2.20,1.90,2.66,1.79,-19.04,+21.83
R,11:50:00,11:54:34,59.35,60.51,53.01,45.34,44.99,40.30,25.54,30.06,26.30,28.60,26.04,25.70,29.07,27.84,28.47,32.52,34.04,36.61,33.34,31.89,37.55,44.02,44.99,50.05,61.30,58.07,59.16,65.84,76.14,74.60,0.41,0.43,438.88,245.28,168.26,118.77,79.80,55.35,56.73,49.17,45.47,51.11,44.65,42.58,42.02,45.49,49.28,48.19,47.65,48.80,47.52,49.24,47.96,46.57,49.91,58.96,80.55,110.16,181.52,321.19,186.96,112.96,92.73,62.93,38.98,31.65,37.50,45.70,48.32,48.93,45.42,47.08,47.81,47.88,51.69,51.85,34.57,42.37,70.84,86.29,150.34,269.12,378.47,320.97,186.09,180.86,155.58,127.91,99.19,61.06,49.94,52.57,50.01,44.72,37.85,34.66,31.78,32.40,29.08,32.32,31.96,36.96,45.27,42.27,63.83,81.58,105.01,159.64,134.14,105.58,80.73,49.48,33.18,33.35,28.06,26.29,21.24,23.02,27.88,39.03,51.11,59.09,83.54,110.96,130.52,115.48,70.68,67.95,60.57,42.75,20.56,17.55,21.09,23.80,21.53,37.71,55.30,69.96,35.66,22.02,19.13,21.19,18.30,23.35,18.12,-19.04,+21.83
L,12:00:00,12:04:35,12.21,9.72,9.04,8.14,5.37,5.16,3.39,4.46,3.43,3.47,3.95,3.93,3.60,3.15,3.07,3.76,4.24,5.43,4.90,5.07,4.72,5.23,6.74,5.30,6.68,8.28,15.07,24.08,22.28,18.64,96.00,109.53,48.94,30.30,11.33,7.90,5.77,5.18,5.01,4.72,5.58,6.08,6.23,6.18,5.63,5.09,4.96,5.34,5.58,5.94,6.31,6.35,5.88,6.29,9.09,10.86,15.64,14.12,26.29,43.69,33.50,13.55,10.16,12.75,9.81,6.97,6.18,6.75,6.94,7.06,7.09,7.12,6.84,6.67,7.06,7.13,4.84,4.32,5.27,6.73,9.84,13.53,46.61,80.89,39.47,38.52,21.45,14.84,10.58,7.19,6.04,6.23,6.91,6.84,6.30,6.39,7.22,7.78,7.86,7.42,6.89,6.91,6.78,7.69,10.23,14.08,16.93,22.33,13.58,12.62,7.63,6.73,4.01,4.94,5.61,6.09,5.92,5.43,5.39,7.05,8.84,8.95,10.81,14.25,19.41,23.38,15.36,12.06,10.47,6.99,5.10,4.55,4.44,4.62,4.54,4.72,6.68,10.34,6.88,6.13,3.84,4.43,6.57,8.02,5.69,-16.64,+22.40
R,12:00:00,12:04:35,92.22,73.99,69.29,63.69,41.79,41.83,28.00,37.69,28.80,28.83,33.86,31.07,28.32,26.75,27.68,32.25,34.57,44.00,40.56,42.00,37.54,42.60,54.04,39.90,53.35,65.63,116.14,194.04,173.81,133.25,0.82,0.68,390.00,230.99,73.60,54.46,39.69,34.00,36.37,34.41,43.91,47.84,49.28,49.29,44.91,40.15,38.73,41.58,43.37,46.09,49.35,49.60,45.38,48.20,70.67,80.93,117.94,98.14,192.45,324.89,237.73,88.62,72.36,97.90,74.15,53.16,47.43,51.65,53.06,53.98,54.20,54.57,52.10,50.97,54.52,55.83,35.64,32.09,39.55,51.12,75.63,88.10,332.30,-1.43,289.96,296.89,166.10,111.18,81.60,55.34,46.50,47.06,52.07,51.49,47.27,47.60,53.99,58.09,59.06,56.16,52.15,51.66,50.42,56.09,75.12,102.29,118.91,163.24,101.57,94.99,58.14,49.93,28.52,37.08,41.75,45.13,44.27,40.61,40.24,52.86,67.38,67.98,82.26,106.50,140.68,171.48,112.01,88.76,78.55,51.61,37.74,33.75,32.91,34.52,34.05,35.80,49.40,71.23,51.93,45.88,28.32,33.12,49.50,60.30,41.69,-16.64,+22.40
L,12:10:00,12:14:34,14.08,7.94,7.12,6.77,5.32,4.68,3.18,3.25,2.50,2.94,3.40,3.28,3.04,2.65,2.42,2.83,3.10,3.40,3.65,3.67,4.58,6.14,6.16,6.19,7.11,11.48,14.79,23.64,35.19,25.57,51.28,54.65,21.34,10.15,7.55,5.80,4.84,6.18,8.38,8.08,7.33,6.89,5.21,4.26,3.96,3.96,4.24,4.28,4.46,4.51,4.49,5.02,5.44,6.48,7.19,8.15,11.92,13.74,10.36,17.53,13.51,24.05,20.41,13.88,10.55,8.58,6.57,6.68,7.17,6.38,6.45,6.17,6.33,7.06,6.99,8.42,9.72,9.73,6.51,4.69,6.24,15.30,20.43,39.76,42.23,34.04,13.58,12.46,14.28,11.81,12.20,9.69,7.72,8.56,8.36,7.60,7.31,7.56,7.88,8.13,7.84,8.34,9.93,9.81,9.42,14.52,18.05,30.57,15.81,11.40,8.84,7.04,9.21,9.33,8.66,8.24,7.84,7.60,7.51,7.68,8.80,9.38,9.33,10.26,10.77,10.98,9.23,12.22,9.72,7.41,8.13,9.05,8.97,9.10,9.81,9.66,9.44,10.65,8.42,9.61,9.65,8.77,10.22,10.96,9.82,-14.21,+22.89
R,12:10:00,12:14:34,104.01,59.19,54.20,53.04,42.06,37.17,25.54,26.00,19.74,23.45,27.44,25.88,22.53,21.30,20.84,22.84,23.16,25.06,27.63,28.11,36.04,49.16,48.10,49.14,51.76,88.73,104.72,179.95,279.22,189.99,359.58,451.64,157.04,66.98,46.42,34.45,28.12,42.58,63.47,61.32,55.08,51.93,38.76,31.16,28.19,27.88,29.61,29.98,31.19,31.91,31.42,34.88,38.37,46.17,51.74,57.50,83.34,101.30,62.42,107.02,99.88,181.07,145.22,100.10,74.73,59.58,45.90,46.73,50.76,44.30,45.23,43.35,44.71,50.78,49.83,60.70,72.40,72.06,43.43,30.94,43.30,122.61,149.79,327.80,315.35,256.37,89.53,91.30,113.33,87.25,88.09,68.63,54.12,60.92,59.32,53.20,50.58,52.37,54.57,56.73,54.89,56.88,68.76,70.46,64.21,97.99,122.51,212.11,105.48,74.98,58.88,46.93,66.57,65.37,60.35,57.09,54.06,52.31,51.89,53.27,61.88,66.37,65.74,70.34,74.56,74.65,64.50,87.40,67.74,51.22,56.92,63.69,63.12,64.36,69.74,68.72,64.07,72.91,58.70,68.81,68.75,62.05,73.07,79.58,68.50,-14.21,+22.89
L,12:20:00,12:24:33,6.97,4.58,3.49,3.14,2.74,3.08,2.72,2.77,2.23,2.11,2.23,2.32,2.44,2.01,1.73,1.91,2.45,2.31,2.38,2.60,2.81,2.81,3.64,3.66,5.58,5.74,7.33,7.84,12.72,16.61,6.05,7.10,6.95,5.51,5.70,5.55,6.37,5.61,3.87,3.61,3.48,3.33,3.36,3.69,3.42,3.34,3.51,3.86,3.88,3.92,4.09,5.01,5.01,4.99,6.05,6.27,6.31,5.12,4.90,5.34,5.37,5.85,7.22,7.89,5.76,5.10,5.54,4.87,4.57,4.59,4.16,4.03,4.39,4.28,3.81,3.97,4.48,4.28,4.15,4.60,5.18,5.68,5.73,5.33,5.68,5.48,5.05,4.76,4.84,5.34,5.46,5.00,4.69,4.87,5.32,5.18,4.79,4.47,4.46,4.83,5.61,6.82,7.42,6.59,5.34,5.07,5.34,5.32,6.05,5.92,6.20,7.61,7.05,5.72,5.22,4.94,4.85,4.98,5.00,5.68,6.20,5.91,5.77,6.24,6.61,6.42,7.16,6.93,7.00,5.91,5.15,5.07,4.86,4.93,5.24,6.03,6.87,7.17,6.47,6.01,5.40,5.55,5.78,5.92,5.92,-11.76,+23.31
R,12:20:00,12:24:33,52.37,35.60,26.53,23.74,20.88,24.27,21.86,22.00,17.48,16.09,16.89,17.70,18.62,15.60,13.88,14.92,18.88,17.22,17.84,19.78,21.81,21.39,28.21,28.88,43.80,44.68,54.31,57.09,93.85,121.66,42.96,50.61,49.42,39.13,41.66,40.81,46.45,39.45,26.50,24.96,23.99,23.38,23.42,25.75,23.86,23.03,24.32,27.06,27.43,27.49,28.45,35.09,35.35,34.94,43.25,45.20,46.15,36.86,35.18,37.81,37.07,41.08,50.56,53.71,39.44,35.86,39.34,33.65,32.48,31.85,28.76,28.02,30.62,29.49,26.30,27.40,31.17,29.50,28.41,31.09,35.29,39.06,39.75,36.77,38.97,36.88,34.24,32.80,33.69,37.34,37.78,34.46,32.56,33.83,37.19,36.15,33.49,31.14,31.30,33.49,38.70,47.57,52.29,46.67,37.69,35.29,36.93,36.76,41.86,40.75,43.30,53.29,48.60,39.39,36.22,34.31,33.93,34.81,34.81,39.58,43.63,41.52,40.21,43.19,45.95,44.48,50.14,48.52,48.46,40.91,35.93,35.59,34.01,34.65,36.37,41.73,47.23,49.16,44.43,41.81,37.96,39.04,40.41,41.16,41.34,-11.76,+23.31
L,12:30:00,12:34:33,4.29,4.57,3.95,3.30,3.35,3.33,2.12,2.35,1.75,1.83,2.09,2.31,2.50,2.18,1.79,2.18,2.32,2.47,2.65,2.49,2.87,3.61,3.42,2.83,3.91,3.61,4.54,4.70,5.24,5.07,6.19,6.39,6.17,6.28,6.34,5.98,5.45,5.74,5.55,4.39,3.80,3.77,3.38,3.20,3.04,3.00,2.92,3.04,3.20,3.28,3.22,3.49,3.91,4.45,5.28,6.10,6.18,6.67,7.58,7.92,12.08,9.18,8.19,6.33,5.00,4.56,4.48,4.45,4.10,4.47,4.16,4.02,3.92,3.97,4.19,4.51,5.40,6.24,6.89,7.84,9.04,10.20,10.24,11.76,9.93,10.20,9.84,8.88,7.79,7.17,6.39,5.69,5.13,4.79,4.55,4.52,4.65,4.78,5.08,5.43,5.85,6.27,6.79,7.33,7.60,7.78,7.63,7.15,7.43,7.91,7.92,7.50,6.92,6.26,5.69,5.20,4.93,4.83,4.99,5.43,5.96,6.29,6.60,6.95,7.29,7.55,7.44,7.09,6.65,6.04,5.61,5.36,5.34,5.53,5.75,5.96,6.17,6.63,6.32,5.91,5.75,5.92,6.18,6.46,6.31,-9.29,+23.64
R,12:30:00,12:34:33,33.74,36.29,30.37,25.25,26.17,25.98,16.87,18.60,13.80,14.61,16.58,18.02,19.80,17.88,15.30,18.02,18.56,19.22,20.81,19.50,22.84,28.61,27.01,22.17,31.08,28.06,34.16,35.17,39.08,38.57,44.73,47.09,45.23,45.89,46.96,44.92,40.42,42.19,40.71,32.29,27.84,27.86,24.87,23.71,22.43,22.26,21.45,22.17,23.44,24.07,24.07,25.84,28.83,32.26,37.85,44.09,44.58,48.99,56.70,59.33,83.89,64.83,57.61,44.92,35.80,33.25,32.61,32.40,29.70,32.12,29.93,28.88,28.25,28.62,30.20,32.39,38.76,44.82,49.57,55.96,64.88,74.11,73.86,82.25,69.44,71.23,68.55,62.26,54.70,50.46,44.91,40.27,36.17,33.80,32.20,31.95,32.96,33.86,35.85,38.26,41.20,44.29,48.05,51.78,53.91,54.92,53.64,49.99,52.32,55.28,54.94,52.01,48.06,43.40,39.57,36.30,34.56,33.74,34.82,37.80,41.44,43.79,46.16,48.61,50.81,52.58,51.29,48.89,45.81,41.50,38.76,36.99,36.78,38.10,39.40,40.75,41.98,45.14,43.12,40.51,39.45,40.61,42.29,44.09,43.02,-9.29,+23.64
L,12:40:00,12:44:34,3.31,3.72,5.07,4.45,3.01,2.45,1.34,1.63,1.65,2.11,2.71,2.34,2.33,2.40,2.19,2.44,2.59,2.63,2.42,2.49,2.72,2.98,2.92,2.54,2.92,2.91,3.87,4.65,3.97,3.48,4.64,4.55,4.32,4.22,4.20,4.10,4.19,4.26,4.12,3.75,3.32,3.40,3.43,3.73,4.08,4.16,3.94,3.94,3.88,3.33,3.51,3.04,2.68,2.66,2.85,3.19,3.48,3.57,4.00,4.41,4.79,4.40,4.22,4.12,4.07,3.98,3.85,3.68,3.62,3.77,4.00,4.34,4.22,4.13,4.01,3.94,4.22,4.50,4.54,4.75,4.90,4.92,4.88,4.84,5.14,5.10,5.01,4.99,4.94,4.90,4.78,4.70,4.61,4.66,4.77,4.73,4.83,4.86,4.66,4.53,4.47,4.27,4.03,3.86,3.91,4.04,4.26,4.57,4.78,4.42,4.19,4.29,4.54,4.76,5.09,5.09,5.27,5.28,5.35,5.57,5.52,5.39,5.46,5.40,5.19,4.94,5.30,5.54,5.81,5.89,5.66,5.88,6.12,5.97,5.61,5.27,5.15,5.25,5.82,6.30,6.36,6.15,5.89,5.81,6.21,-6.80,+23.90
R,12:40:00,12:44:34,26.22,29.55,39.85,34.04,23.39,19.03,10.50,12.97,13.43,17.28,21.38,18.32,18.30,18.81,18.21,20.26,20.99,20.91,19.03,19.53,21.49,23.37,22.92,20.20,23.03,22.67,28.96,33.90,29.40,26.82,33.24,33.32,31.58,30.75,30.67,29.70,30.16,30.46,29.28,26.82,23.66,24.46,24.77,27.03,29.80,30.51,28.91,29.03,27.96,23.86,25.02,22.00,19.44,19.20,20.30,22.46,24.11,24.83,27.60,30.65,33.54,30.62,29.43,28.93,28.86,28.24,27.40,26.19,25.96,26.84,28.20,30.68,29.91,29.35,28.46,27.74,29.55,31.57,31.73,33.12,34.16,34.30,33.86,33.65,35.34,35.19,34.61,34.61,34.40,33.96,33.35,32.87,32.21,32.66,33.66,33.39,34.25,34.43,32.93,31.88,31.49,29.96,28.27,26.87,26.92,27.59,29.17,31.35,32.89,30.31,29.01,30.22,31.79,33.54,35.86,36.48,37.66,37.24,37.59,39.18,38.63,37.55,37.91,37.45,35.95,34.20,36.88,38.52,40.71,41.35,39.91,41.48,43.30,42.50,39.79,37.37,36.37,36.83,41.02,44.71,44.89,43.34,41.48,40.93,43.93,-6.80,+23.90
L,12:50:00,12:54:34,3.55,3.65,3.64,2.97,2.52,2.33,1.61,2.15,2.02,2.42,3.30,3.16,3.48,3.12,2.73,2.83,3.00,2.75,2.56,2.65,3.32,3.51,3.28,3.01,3.46,3.64,4.00,4.36,4.20,3.78,4.19,4.37,4.52,4.61,4.65,4.72,4.81,4.87,4.98,4.58,4.06,4.18,4.12,4.21,4.56,4.73,4.86,5.08,5.09,4.76,4.22,3.95,3.97,3.90,3.94,4.26,4.41,4.18,4.13,4.19,5.54,5.65,5.42,5.31,5.20,5.16,5.26,5.56,5.77,5.64,5.47,5.20,5.00,4.89,5.16,5.30,5.60,5.63,5.47,5.37,5.49,5.65,5.73,5.64,6.50,6.55,6.66,6.50,6.56,6.74,6.71,6.41,6.10,5.81,5.62,5.69,5.74,5.84,5.97,5.98,5.96,5.98,6.30,6.74,6.92,6.81,6.93,7.06,7.28,7.11,6.75,6.53,6.54,6.77,6.70,6.71,6.67,6.52,6.44,6.45,6.64,6.83,7.19,7.27,7.06,6.82,7.06,7.12,7.32,7.41,7.53,7.54,7.81,8.28,8.68,8.51,8.22,8.14,8.82,9.04,8.17,7.76,7.86,8.44,8.18,-4.29,+24.08
R,12:50:00,12:54:34,27.73,27.94,26.94,22.10,19.27,17.74,12.56,17.23,16.48,19.93,25.91,24.72,27.54,25.81,23.13,23.53,24.29,21.59,19.94,20.65,26.27,27.55,25.58,23.75,27.43,28.94,31.12,33.11,32.05,29.42,30.68,32.15,33.19,33.76,34.09,34.57,34.93,35.08,35.55,33.17,29.50,30.71,30.37,30.94,33.68,35.11,35.88,37.22,37.17,34.89,31.27,29.48,29.64,28.72,28.80,30.89,31.99,30.35,30.15,30.62,39.40,40.04,38.25,38.01,37.48,37.42,38.19,40.30,41.61,40.81,39.64,37.58,36.11,35.18,36.98,37.78,39.93,40.07,38.94,38.04,38.82,40.04,40.76,39.88,45.68,46.00,46.93,45.98,46.27,47.39,47.14,45.12,43.12,41.14,40.02,40.61,41.08,41.76,42.70,42.93,42.47,42.25,44.12,47.08,48.36,47.44,48.09,49.11,50.46,49.35,46.78,45.81,46.43,48.09,47.76,47.89,47.86,46.43,45.83,45.78,46.98,48.11,50.46,51.03,49.45,47.80,49.70,50.25,52.01,52.63,53.70,53.74,55.65,58.87,61.73,60.84,58.65,58.02,62.70,63.78,58.02,55.34,56.01,59.85,57.88,-4.29,+24.08
L,13:00:00,13:04:34,3.11,2.93,3.39,3.01,2.37,2.30,1.80,2.20,2.04,2.21,3.00,3.18,3.02,2.54,2.07,2.10,2.20,2.25,2.36,2.27,2.52,2.97,3.03,2.64,2.91,3.13,3.93,4.50,4.05,3.49,5.18,5.29,5.43,5.33,5.09,4.85,4.68,4.59,4.35,4.14,3.63,3.68,3.54,3.56,3.67,3.80,3.90,3.97,4.06,4.15,4.14,4.07,4.11,4.22,4.19,4.19,4.33,4.39,4.54,4.67,5.59,6.06,6.00,5.35,5.17,5.20,5.11,4.95,4.76,4.71,4.66,4.65,4.62,4.56,4.51,4.40,4.60,4.87,5.01,4.95,4.88,4.82,4.94,5.15,6.66,6.49,6.40,6.25,6.00,5.66,5.43,5.37,5.35,5.33,5.28,5.19,5.14,5.10,5.11,5.13,5.24,5.37,5.62,5.97,6.10,6.07,6.21,6.52,6.75,6.58,6.52,6.27,5.93,5.69,5.65,5.70,5.78,5.83,5.92,5.95,5.97,6.14,6.36,6.53,6.66,6.61,7.04,6.81,6.55,6.48,6.37,6.19,6.11,6.16,6.24,6.41,6.71,7.01,7.00,6.67,6.30,6.34,6.65,6.79,6.63,-1.78,+24.18
R,13:00:00,13:04:34,24.17,22.51,25.27,22.51,18.25,17.78,14.12,17.64,16.39,17.93,24.39,25.54,24.19,20.73,17.47,17.20,17.42,17.35,18.27,17.64,20.09,23.19,23.57,20.45,22.76,24.57,30.46,34.51,31.13,27.06,37.99,38.80,39.74,39.14,37.37,35.35,33.86,33.06,31.33,30.21,26.32,26.70,25.86,25.94,26.78,27.81,28.43,28.99,29.54,30.32,30.14,29.61,29.93,30.81,30.31,30.29,31.09,31.34,32.31,33.17,39.96,43.12,42.30,37.89,36.73,37.20,36.77,35.63,34.41,34.04,33.68,33.68,33.33,32.93,32.45,31.57,32.98,34.80,35.66,35.45,35.07,34.61,35.35,37.11,47.28,46.17,45.65,44.70,42.99,40.46,38.92,38.55,38.41,38.24,37.94,37.28,37.07,36.87,36.81,36.94,37.94,38.56,40.43,42.58,43.42,43.03,43.75,46.16,47.59,46.65,46.45,44.77,42.41,40.91,40.82,41.25,41.78,42.02,42.63,42.81,42.86,44.07,45.70,46.77,47.79,47.30,50.37,48.66,46.96,46.58,45.73,44.41,43.98,44.52,44.82,46.01,47.94,49.91,49.89,47.65,45.42,45.78,47.99,48.68,47.73,-1.78,+24.18
L,13:10:00,13:14:34,2.82,2.56,2.82,2.93,2.76,2.93,2.13,2.53,2.24,2.49,3.22,3.03,2.84,2.36,2.04,2.28,2.47,2.33,2.17,2.10,2.49,2.74,2.68,2.45,2.67,2.67,2.94,3.17,3.31,3.19,4.18,4.07,4.02,4.01,3.97,4.03,4.14,4.16,4.14,4.02,3.76,4.01,3.99,4.08,4.22,4.43,4.58,4.67,4.80,4.88,4.87,4.92,4.99,5.02,5.09,4.88,4.57,4.44,4.47,4.39,5.40,5.70,5.94,6.05,5.88,5.54,5.41,5.40,5.45,5.39,5.33,5.19,5.03,4.94,4.85,4.70,4.84,4.96,5.07,5.21,5.25,5.25,5.25,5.34,6.67,6.56,6.43,6.18,5.96,5.80,5.72,5.69,5.62,5.66,5.72,5.77,5.86,5.96,6.06,6.07,6.10,6.11,6.13,6.15,6.24,6.37,6.42,6.42,6.89,6.85,6.86,6.90,6.74,6.64,6.54,6.41,6.26,6.12,6.11,6.13,6.15,6.18,6.26,6.33,6.46,6.58,6.90,6.75,6.58,6.35,6.16,6.13,6.17,6.22,6.31,6.46,6.62,6.57,6.59,6.41,6.40,6.39,6.30,6.35,6.49,+0.73,+24.19
R,13:10:00,13:14:34,21.66,19.57,21.20,21.96,21.40,22.87,16.91,20.29,18.10,20.11,25.89,23.69,21.99,18.70,16.83,18.39,19.24,17.73,16.32,15.76,19.23,21.07,20.40,18.71,20.65,20.53,22.41,24.12,25.07,24.26,30.52,29.79,29.34,29.29,28.92,29.18,29.58,29.44,29.28,28.62,26.76,28.88,28.75,29.37,30.25,31.65,32.76,33.39,34.39,35.06,34.99,35.32,35.90,35.90,36.42,34.93,32.65,31.50,31.65,31.24,37.81,39.83,41.44,42.32,41.12,39.25,38.34,38.31,38.57,38.11,37.64,36.61,35.42,34.65,33.91,32.75,33.71,34.62,35.43,36.41,36.86,37.11,37.13,37.81,46.67,45.73,44.75,42.84,41.28,40.25,39.68,39.48,39.03,39.35,39.85,40.21,41.01,41.75,42.50,42.63,42.81,42.87,43.03,42.99,43.45,44.02,44.32,44.27,47.61,47.55,47.53,47.86,46.82,46.05,45.29,44.32,43.25,42.15,42.00,42.15,42.21,42.35,42.92,43.40,44.35,45.16,47.32,46.12,44.89,43.33,42.11,41.90,42.39,42.78,43.18,44.16,45.09,44.75,44.83,43.74,43.88,43.55,42.94,43.23,44.25,+0.73,+24.19
L,13:20:00,13:24:34,2.70,2.65,2.71,2.71,2.41,2.42,1.83,2.73,2.55,2.50,2.84,2.90,3.12,2.57,2.09,2.25,2.37,2.47,2.55,2.46,2.53,2.63,2.55,2.21,2.29,2.28,2.49,2.67,2.80,2.77,3.98,3.85,3.77,3.77,3.77,3.69,3.64,3.73,3.93,4.07,3.95,4.43,4.65,4.77,4.88,4.88,4.94,5.02,4.94,4.90,4.76,4.68,4.50,4.32,4.34,4.53,4.62,4.56,4.48,4.37,5.54,5.79,6.24,6.53,6.84,6.89,6.59,6.61,6.48,6.46,6.26,6.07,5.93,5.78,5.77,5.52,5.47,5.29,5.08,5.07,5.17,5.35,5.58,5.75,6.82,6.61,6.45,6.30,6.29,6.50,6.64,6.54,6.33,6.18,6.21,6.39,6.65,6.83,7.01,7.29,7.61,8.00,8.26,8.13,7.93,7.73,7.24,6.91,7.69,8.07,8.57,8.72,8.39,7.97,7.59,7.42,7.08,6.81,6.46,6.20,6.10,6.07,6.16,6.37,6.60,6.90,7.03,6.75,6.66,6.70,7.02,7.45,7.83,8.13,8.40,8.39,8.22,7.89,8.21,8.61,8.26,8.01,7.81,7.92,8.31,+3.24,+24.13
R,13:20:00,13:24:34,20.87,20.35,20.22,20.22,18.46,18.70,14.45,22.19,20.86,20.22,22.88,22.81,24.53,20.48,17.18,17.99,18.48,18.92,19.65,18.81,19.52,20.09,19.37,16.56,17.28,17.30,18.80,20.39,21.19,21.02,28.63,27.81,27.38,27.39,27.23,26.36,25.86,26.58,28.14,29.33,28.19,31.96,33.88,34.89,35.65,35.59,35.84,36.31,35.70,35.75,34.83,34.55,33.44,31.75,31.65,32.80,33.13,32.78,32.21,31.57,39.18,40.89,44.39,46.75,49.29,49.58,47.58,47.81,46.75,46.60,45.12,43.69,42.68,41.63,41.49,39.53,39.19,37.94,36.32,36.17,36.93,38.24,39.84,41.22,48.36,46.89,45.83,44.84,44.87,46.32,47.32,46.71,45.25,44.20,44.56,45.79,47.84,49.09,50.29,52.32,54.60,57.28,59.23,57.91,56.25,54.48,51.09,48.94,54.47,57.29,60.73,61.88,59.54,56.93,54.41,53.29,50.91,48.84,46.41,44.53,43.61,43.34,43.76,45.22,46.78,48.88,50.06,48.26,47.81,48.25,50.72,53.80,56.61,58.70,60.53,60.15,58.75,56.56,59.07,61.83,59.64,58.05,56.70,57.28,60.30,+3.24,+24.13
L,13:30:00,13:34:34,3.20,3.34,3.66,3.91,3.41,3.15,2.21,2.88,2.44,2.72,3.32,3.18,3.17,2.50,1.94,2.03,2.07,2.02,1.91,1.88,2.15,2.42,2.61,2.29,2.59,2.61,2.73,2.84,2.87,3.08,4.79,4.20,3.76,3.50,3.43,3.39,3.33,3.21,2.97,2.74,2.56,2.87,3.07,3.38,3.63,3.75,4.09,4.56,4.76,4.96,5.05,5.33,5.30,4.94,4.62,4.45,4.41,4.53,4.46,4.29,4.48,4.52,4.84,5.53,5.52,5.15,4.78,4.87,4.98,5.04,4.63,4.49,4.26,4.00,3.62,3.31,3.25,3.19,3.19,3.32,3.41,3.54,3.65,3.80,4.32,4.21,4.07,3.91,3.81,3.80,3.85,3.94,4.12,4.42,4.70,5.08,5.35,5.61,5.67,5.70,5.74,5.69,5.50,5.15,5.03,4.98,4.90,4.68,5.23,5.32,5.58,5.76,6.07,6.47,6.67,6.48,6.05,5.83,5.61,5.50,5.26,5.01,4.92,5.01,5.10,5.36,6.20,5.90,6.03,6.14,6.20,6.27,6.55,6.88,7.08,7.25,7.24,6.92,7.01,6.96,6.90,6.65,6.62,6.76,6.86,+5.75,+23.99
R,13:30:00,13:34:34,24.94,25.81,27.83,29.70,26.55,24.52,17.70,23.47,20.00,22.10,26.83,25.16,25.02,20.07,16.19,16.40,16.26,15.50,14.66,14.35,16.60,18.56,19.81,17.47,20.05,20.10,21.03,21.86,22.04,23.96,34.22,30.07,27.14,25.18,24.76,24.39,23.73,22.65,20.93,19.53,18.14,20.56,22.06,24.32,26.09,27.11,29.53,32.97,34.27,35.61,36.11,38.14,38.01,35.45,33.01,31.71,31.17,31.71,30.89,29.55,31.01,31.23,33.74,38.61,38.39,36.00,33.59,34.26,35.20,35.38,32.50,31.80,30.02,28.15,25.39,23.02,22.57,22.11,22.05,22.88,23.63,24.58,25.28,26.34,29.79,29.08,28.09,27.06,26.36,26.34,26.73,27.44,28.70,30.93,32.88,35.71,37.70,39.69,40.05,40.21,40.36,39.73,38.80,35.99,35.01,34.45,33.79,32.53,36.04,36.82,38.73,40.26,42.71,45.58,47.08,45.68,42.45,40.92,39.25,38.55,36.87,35.03,34.37,35.02,35.64,37.52,43.52,41.18,42.15,42.94,43.33,43.69,45.75,48.06,49.40,50.16,49.88,47.98,48.58,48.43,48.07,46.26,46.07,46.89,47.64,+5.75,+23.99
L,13:40:00,13:44:34,4.54,4.27,4.35,4.14,3.30,3.24,2.40,2.80,2.43,2.58,3.12,3.21,3.23,2.60,2.08,2.27,2.45,2.53,2.58,2.58,3.00,3.39,3.30,3.03,3.45,3.44,3.61,3.62,3.98,4.53,7.47,7.86,10.08,11.56,10.17,7.93,6.55,5.69,5.28,4.95,4.33,4.33,4.12,4.17,4.18,4.29,4.48,4.67,4.69,4.66,4.69,4.69,4.81,5.10,5.50,5.82,5.70,5.54,5.76,6.41,6.32,6.16,6.26,6.49,6.25,6.00,5.99,6.02,6.00,5.82,5.56,5.32,5.40,5.53,5.46,5.29,5.84,6.35,6.80,7.17,7.37,7.70,8.32,8.49,9.59,8.96,8.58,7.98,7.49,7.26,6.84,6.59,6.65,6.66,6.50,6.34,6.22,6.27,6.45,6.69,6.97,7.28,7.56,7.94,8.60,9.05,9.01,8.73,8.27,8.32,8.12,8.05,7.76,7.49,7.23,6.99,6.80,6.79,6.86,6.96,7.29,7.71,8.18,8.67,8.84,8.80,9.10,8.73,8.04,7.60,7.46,7.42,7.52,7.61,7.83,8.09,8.39,8.64,8.19,8.20,8.51,8.36,8.38,8.67,8.82,+8.24,+23.76
R,13:40:00,13:44:34,35.27,33.19,33.01,31.13,25.53,25.40,19.12,22.52,19.70,20.89,25.40,25.64,25.64,21.08,17.58,18.43,19.32,19.43,19.78,19.86,23.59,26.42,25.27,23.30,26.88,26.94,28.09,28.16,30.55,34.80,52.39,56.73,75.93,87.32,75.37,57.98,47.44,40.92,38.07,35.88,31.11,31.23,29.96,30.50,30.63,31.09,32.45,33.91,34.21,34.04,34.27,34.27,35.07,37.06,39.66,41.73,40.77,39.47,41.13,45.55,44.73,43.70,44.60,46.16,44.50,43.06,43.20,43.25,43.07,41.48,39.59,38.02,38.47,39.43,38.76,37.37,41.16,44.88,48.12,50.97,52.65,54.84,59.09,60.80,67.16,62.66,59.91,55.64,52.27,50.93,47.83,46.31,46.89,46.87,45.79,44.63,43.95,44.27,45.37,47.13,49.16,51.29,53.13,55.37,59.34,61.48,61.40,59.76,57.23,57.73,56.56,56.46,54.32,52.62,50.83,49.20,47.95,47.78,48.32,48.88,50.93,53.94,57.43,60.61,61.79,61.55,63.49,61.02,56.36,53.44,52.53,52.42,53.20,53.88,55.28,56.83,58.70,60.50,57.57,58.19,60.20,59.01,59.17,61.03,62.25,+8.24,+23.76
L,13:50:00,13:54:34,3.29,3.43,4.36,5.24,4.60,4.15,2.68,3.06,2.56,2.52,2.92,3.00,3.04,2.55,2.02,2.18,2.34,2.50,2.50,2.53,2.90,3.19,3.30,3.07,3.32,3.30,3.47,3.52,3.57,3.57,7.63,7.26,6.44,5.87,5.69,5.60,5.56,5.48,5.18,4.76,4.19,4.24,4.05,3.92,3.88,3.91,4.11,4.46,4.85,5.21,5.47,5.85,6.46,7.20,7.65,8.02,8.05,7.95,8.24,7.86,8.97,9.90,10.49,9.26,8.39,7.54,7.05,6.55,5.96,5.42,5.09,4.98,5.05,5.19,5.38,5.38,5.81,6.24,6.66,7.11,7.68,8.15,9.08,9.39,9.95,9.35,9.06,8.50,7.74,7.34,6.98,6.72,6.51,6.19,5.95,5.84,5.81,5.84,5.88,6.01,6.40,7.00,7.74,8.48,9.04,9.33,9.37,9.48,9.92,9.53,9.01,8.26,7.39,6.94,6.74,6.54,6.30,6.15,6.15,6.37,6.91,7.40,7.83,8.42,8.99,9.17,8.62,8.15,7.50,6.84,6.44,6.27,6.34,6.59,6.97,7.51,7.86,7.90,7.50,7.06,6.56,6.42,6.56,6.80,6.66,+10.72,+23.46
R,13:50:00,13:54:34,25.50,26.65,33.25,39.75,35.80,32.75,21.50,24.66,20.61,20.04,23.35,23.43,23.79,20.66,16.96,17.59,18.16,18.87,19.06,19.37,22.58,24.53,25.14,23.42,25.70,25.58,26.63,27.11,27.52,27.54,55.33,52.76,46.78,42.99,41.60,40.81,40.17,39.33,37.02,34.40,30.12,30.81,29.52,28.58,28.21,28.30,29.57,32.05,34.92,37.74,39.89,43.02,47.22,52.42,55.42,57.86,58.21,57.59,58.62,55.54,63.27,69.22,72.22,64.27,58.92,53.29,50.40,46.50,42.37,38.36,35.81,35.19,35.50,36.34,37.79,37.66,40.63,43.80,46.58,50.00,54.00,57.23,64.07,66.25,68.73,64.89,63.29,59.13,53.69,50.80,48.37,46.34,44.91,42.68,41.04,40.27,40.20,40.42,40.77,41.63,44.31,48.41,53.58,58.75,62.35,64.40,64.63,65.45,68.53,65.93,61.93,56.67,50.65,47.66,46.41,44.72,42.96,41.83,41.79,43.37,47.13,50.50,53.49,57.65,61.47,62.35,58.65,55.40,50.99,46.25,43.50,42.22,42.87,44.57,46.89,50.78,52.94,53.22,50.34,47.34,43.93,42.97,43.96,45.43,44.47,+10.72,+23.46
L,14:00:00,14:04:34,3.50,3.75,4.22,3.90,2.93,2.90,2.14,2.51,2.05,1.97,2.13,2.20,2.34,2.05,1.71,1.87,2.08,2.22,2.29,2.31,2.54,2.91,3.05,2.63,2.75,2.65,2.79,2.99,3.26,3.35,4.42,4.47,4.59,4.61,4.52,4.42,4.38,4.35,4.25,4.02,3.49,3.46,3.35,3.38,3.48,3.46,3.38,3.35,3.37,3.38,3.40,3.50,3.67,3.82,4.19,4.57,4.68,4.61,4.50,4.47,5.69,5.91,5.78,5.53,5.05,4.79,4.53,4.33,4.13,4.13,4.26,4.33,4.38,4.38,4.40,4.35,4.62,4.99,5.29,5.56,5.79,5.96,5.94,5.92,6.52,6.48,6.43,6.29,6.17,5.94,5.70,5.45,5.23,5.14,5.10,5.14,5.14,5.13,5.06,4.95,4.91,5.03,5.16,5.37,5.52,5.69,5.91,6.02,6.37,6.35,6.21,6.04,5.87,5.78,5.84,5.94,5.90,5.92,5.72,5.67,5.68,5.78,5.92,6.12,6.22,6.17,6.46,6.19,6.04,6.17,6.55,6.92,7.12,7.15,7.03,6.97,6.84,6.56,7.00,7.55,7.96,7.54,7.46,7.57,7.87,+13.18,+23.07
R,14:00:00,14:04:34,27.40,29.17,32.25,29.65,22.70,22.75,17.13,19.99,16.34,15.55,16.81,17.14,18.17,16.25,14.11,15.11,16.25,16.97,17.65,17.71,20.09,22.61,23.74,20.48,21.64,20.82,21.78,23.35,25.45,26.26,31.91,32.60,33.54,33.78,33.27,32.47,31.86,31.33,30.68,29.04,25.09,25.08,24.39,24.53,25.25,25.16,24.53,24.12,24.50,24.56,24.67,25.30,26.62,27.61,30.05,32.80,33.89,33.38,32.61,32.48,40.73,42.25,40.96,39.11,36.04,34.42,32.65,31.14,29.73,29.81,30.76,31.29,31.52,31.45,31.55,31.13,33.06,35.48,37.52,39.60,41.30,42.56,42.25,42.06,45.91,45.68,45.27,44.27,43.49,41.85,40.36,38.58,37.07,36.48,36.51,36.67,36.89,36.93,36.27,35.42,35.12,35.98,36.94,38.11,38.97,40.05,41.65,42.42,44.77,44.76,43.73,42.77,41.94,41.30,41.83,42.62,42.21,42.12,40.71,40.31,40.43,40.93,41.93,43.11,43.81,43.47,45.65,43.57,42.71,43.76,46.47,48.96,50.58,50.98,50.05,49.39,48.43,46.50,49.78,53.71,56.34,53.16,52.65,53.47,55.48,+13.18,+23.07
L,14:10:00,14:14:34,2.96,2.81,3.32,3.46,3.09,3.17,2.52,2.78,2.14,2.19,2.41,2.31,2.38,2.01,1.65,1.79,1.92,2.01,2.04,2.04,2.28,2.55,2.92,2.71,2.88,2.83,2.99,3.13,3.13,3.10,4.65,4.36,4.09,3.95,3.89,3.83,3.76,3.62,3.51,3.41,3.10,3.15,3.06,3.10,3.18,3.35,3.61,3.89,4.13,4.35,4.64,4.84,4.92,4.93,4.95,5.09,5.10,5.00,4.82,4.55,5.33,5.44,5.71,6.03,6.11,5.94,5.61,5.21,4.87,4.61,4.46,4.30,4.17,4.15,4.09,3.93,4.13,4.37,4.53,4.59,4.65,4.81,5.07,5.37,6.02,5.83,5.70,5.63,5.48,5.24,5.09,5.01,5.02,5.04,5.10,5.14,5.24,5.32,5.41,5.49,5.65,5.83,6.09,6.29,6.42,6.41,6.39,6.32,6.84,6.93,6.74,6.54,6.38,6.29,6.16,6.16,6.21,6.25,6.21,6.15,6.08,6.05,6.08,6.14,6.29,6.52,6.76,6.72,6.77,6.92,7.02,7.07,7.25,7.44,7.51,7.33,7.11,7.11,7.61,8.01,7.85,7.57,7.75,7.88,7.95,+15.62,+22.61
R,14:10:00,14:14:34,22.82,21.71,25.37,26.32,24.02,24.97,20.07,22.31,17.06,17.40,18.89,17.68,18.02,15.68,13.45,14.17,14.67,15.06,15.40,15.32,17.40,19.30,22.05,20.77,22.35,21.89,23.08,24.34,24.06,23.79,33.11,31.27,29.17,28.16,27.58,27.18,26.37,25.34,24.52,24.05,21.71,22.22,21.69,22.06,22.60,23.73,25.61,27.53,29.29,30.89,32.81,34.55,35.59,35.42,35.25,36.14,36.11,35.09,33.86,32.20,37.57,38.07,40.07,42.60,42.98,41.71,39.63,36.51,34.20,32.14,31.22,29.99,28.97,28.76,28.42,27.28,28.55,30.19,31.55,31.98,32.52,33.59,35.37,37.30,41.64,40.37,39.49,38.89,37.88,36.16,35.04,34.61,34.67,34.72,35.18,35.50,36.45,37.03,37.61,38.21,39.48,40.66,42.53,43.76,44.46,44.27,43.99,43.76,47.23,47.79,46.40,45.27,44.25,43.64,42.81,42.77,43.04,43.35,42.98,42.42,41.96,41.70,41.98,42.43,43.49,44.98,46.61,46.41,46.77,47.98,48.72,49.14,50.40,51.84,52.25,51.12,49.38,49.32,52.88,55.78,54.76,52.97,54.11,54.92,55.37,+15.62,+22.61
L,14:20:00,14:24:34,2.86,2.93,3.47,3.78,3.36,3.12,2.34,2.72,2.05,2.00,2.15,2.06,2.09,1.80,1.58,1.71,1.82,1.87,1.88,1.84,2.03,2.19,2.26,2.14,2.30,2.33,2.49,2.59,2.68,2.69,4.44,4.13,3.84,3.64,3.56,3.49,3.46,3.44,3.35,3.19,2.93,3.09,3.18,3.32,3.46,3.56,3.67,3.70,3.74,3.82,3.94,4.04,4.19,4.48,4.61,4.60,4.86,5.31,5.02,4.57,5.11,5.23,5.36,5.73,5.98,5.72,5.46,5.18,4.80,4.61,4.44,4.35,4.32,4.26,4.21,3.92,3.93,3.96,3.97,4.04,4.23,4.41,4.56,4.75,5.54,5.21,4.97,4.83,4.73,4.73,4.73,4.77,4.91,4.97,5.04,5.08,5.07,5.00,5.07,5.24,5.38,5.55,5.79,5.96,5.94,5.84,5.66,5.67,6.11,6.03,6.07,6.04,5.93,5.71,5.55,5.50,5.49,5.44,5.50,5.51,5.53,5.53,5.49,5.48,5.58,5.77,6.17,6.15,5.99,5.89,5.79,5.63,5.68,5.74,5.77,5.80,5.95,5.98,6.00,5.91,5.77,5.65,5.72,5.82,5.73,+18.03,+22.08
R,14:20:00,14:24:34,22.11,22.62,26.45,28.93,26.22,24.55,18.72,21.91,16.47,16.00,16.98,15.85,16.16,14.30,13.09,13.88,14.25,14.29,14.52,14.16,15.96,16.86,17.20,16.34,17.91,18.07,19.42,20.20,20.83,20.94,32.81,30.57,28.56,26.92,26.25,25.48,25.12,24.80,24.10,23.01,21.25,22.50,23.18,24.14,25.17,25.93,26.71,26.94,27.38,28.19,28.94,29.70,30.99,32.75,33.54,33.19,34.84,38.42,36.56,33.45,36.55,37.20,38.48,41.34,43.06,41.24,39.59,37.49,34.62,33.12,31.84,31.24,30.88,30.42,30.19,28.06,28.16,28.30,28.25,28.84,30.19,31.32,32.36,33.91,39.11,36.67,34.99,34.10,33.30,33.35,33.40,33.75,34.67,34.84,35.52,35.79,35.90,35.30,35.64,36.98,38.09,39.24,40.83,41.83,41.68,40.89,39.70,40.00,42.71,42.26,42.53,42.39,41.75,40.07,38.88,38.58,38.43,37.88,38.45,38.63,38.66,38.60,38.55,38.42,39.16,40.45,43.22,43.24,41.91,41.30,40.47,39.37,39.76,40.27,40.46,40.58,41.52,41.63,41.71,41.29,40.41,39.37,39.98,40.45,39.95,+18.03,+22.08
L,14:30:00,14:34:33,2.04,1.92,2.15,2.26,2.04,2.05,1.59,2.10,1.85,1.90,2.43,2.71,2.74,2.16,1.86,2.03,2.14,2.24,2.29,2.21,2.22,2.22,2.30,2.15,2.27,2.27,2.26,2.20,2.20,2.20,3.90,3.93,3.93,3.85,3.74,3.65,3.50,3.43,3.49,3.68,3.74,4.31,4.53,4.72,4.78,4.77,4.81,5.00,5.19,4.72,3.48,3.32,3.35,3.50,3.62,3.52,3.55,3.90,4.10,4.10,4.97,4.74,4.35,4.36,4.42,4.38,4.30,4.63,5.37,5.44,5.48,5.52,5.57,5.60,5.55,5.23,5.11,4.92,4.75,4.59,4.59,4.66,4.78,4.94,5.98,6.02,5.77,5.62,5.67,5.84,6.05,6.26,6.20,6.07,6.06,6.06,6.09,6.09,6.06,6.00,6.05,6.29,6.59,6.77,6.70,6.57,6.32,6.48,7.36,7.39,7.37,7.07,6.83,6.72,6.71,6.76,6.63,6.55,6.49,6.46,6.37,6.33,6.38,6.58,6.73,6.60,6.99,6.89,6.83,6.72,6.65,6.64,6.73,6.93,7.28,7.54,7.51,7.24,7.32,7.19,6.78,6.61,6.67,6.80,6.73,+20.41,+21.47
R,14:30:00,14:34:33,15.52,14.75,16.15,16.99,15.75,15.96,12.82,17.13,15.11,15.45,19.78,21.54,21.44,17.17,15.49,16.48,16.89,17.49,17.73,17.24,17.49,17.19,17.68,16.66,17.75,17.80,17.55,17.23,17.09,17.17,28.86,29.19,29.27,28.42,27.65,26.82,25.54,25.06,25.44,26.88,27.25,31.59,33.35,34.73,35.11,35.08,35.07,36.07,37.33,34.06,25.65,24.57,24.76,25.60,26.19,25.40,25.48,28.02,29.47,29.69,35.13,33.48,31.14,31.54,32.11,31.89,31.59,34.48,38.83,39.30,39.57,39.90,40.26,40.45,40.01,37.44,36.61,35.30,34.00,32.91,32.87,33.44,34.20,35.29,42.51,42.83,41.23,40.22,40.57,41.84,43.35,44.72,44.29,43.45,43.39,43.48,43.89,43.83,43.54,43.06,43.48,44.97,47.02,48.35,47.66,46.63,44.93,46.17,52.04,52.14,51.93,49.85,48.62,48.05,48.21,48.58,47.50,46.88,46.34,46.09,45.39,44.89,45.20,46.45,47.38,46.43,49.58,48.88,48.51,47.80,47.37,47.25,47.96,49.25,51.66,53.44,52.91,51.01,51.63,50.80,47.96,46.84,47.28,48.11,47.50,+20.41,+21.47
L,14:40:00,14:44:34,2.70,2.75,3.13,2.79,2.17,2.04,1.62,2.00,1.90,1.97,2.46,2.46,2.37,2.00,1.79,2.14,2.42,2.61,2.82,2.64,2.43,2.33,2.31,2.07,1.98,1.93,2.01,2.15,2.29,2.46,3.45,3.33,3.30,3.35,3.46,3.73,4.05,4.56,4.86,4.99,4.65,5.05,4.53,3.92,3.62,3.56,3.56,3.55,3.56,3.62,3.25,3.28,3.29,3.45,3.67,3.84,4.15,4.58,4.52,4.08,5.73,5.73,5.46,5.24,4.85,4.53,4.43,4.27,4.31,4.28,4.18,4.15,4.27,4.62,5.14,5.14,5.27,5.52,5.81,6.19,6.96,7.64,7.05,6.36,7.02,7.04,7.01,6.92,6.57,6.21,6.20,6.08,5.75,5.28,4.82,4.51,4.32,4.14,4.36,4.51,4.81,5.18,5.62,5.95,6.28,6.63,6.90,7.20,8.72,7.88,7.40,6.82,5.84,5.12,4.69,4.44,4.40,4.53,4.68,4.92,5.40,6.13,6.94,7.83,8.51,8.73,7.67,6.94,6.03,5.39,4.98,4.77,4.71,4.76,5.00,5.52,6.40,7.11,6.50,5.83,5.29,5.22,5.43,5.92,5.71,+22.76,+20.79
R,14:40:00,14:44:34,21.18,21.60,23.99,21.12,16.73,15.96,12.97,16.11,15.44,15.94,20.19,19.53,18.75,16.35,15.16,17.84,19.64,20.78,22.58,20.99,19.55,18.45,17.88,16.02,15.52,15.07,15.61,16.93,17.66,19.34,25.69,24.91,24.73,25.09,26.05,27.75,30.19,34.07,36.22,37.34,34.20,37.24,34.15,29.85,27.42,26.94,26.66,26.55,26.45,27.13,24.31,24.58,24.57,25.57,26.96,28.27,30.27,33.16,32.94,30.30,41.64,41.25,39.18,37.78,35.43,33.40,33.06,31.63,32.32,32.01,31.25,31.12,31.98,34.68,38.43,38.30,39.08,40.76,42.80,45.35,50.62,55.61,51.24,46.26,50.41,50.43,50.26,50.07,47.89,45.79,46.14,45.16,42.71,39.19,35.85,33.50,32.27,31.07,32.31,33.38,35.39,37.98,41.11,43.17,45.44,47.91,49.94,52.40,63.50,56.94,53.58,49.04,42.35,37.40,34.67,32.97,32.77,33.78,34.84,36.48,39.79,44.98,50.57,56.84,61.19,62.53,55.06,50.12,43.98,39.76,36.86,35.32,35.01,35.35,36.70,40.04,45.83,51.16,46.89,42.47,38.92,38.41,39.94,43.04,41.54,+22.76,+20.79
L,14:50:00,14:54:34,3.06,3.17,3.74,4.14,4.25,3.40,2.11,2.44,1.90,2.03,2.95,2.89,2.80,2.30,1.88,2.09,2.25,2.44,2.60,2.65,2.74,2.78,2.74,2.33,2.46,2.61,3.08,3.28,3.22,3.17,4.93,5.57,5.65,4.99,4.42,3.98,3.55,3.25,3.25,3.33,3.16,3.27,3.22,3.14,3.11,3.33,3.33,3.34,3.63,3.61,2.96,3.00,2.94,3.20,3.69,4.10,4.14,4.27,4.59,4.89,5.13,4.83,4.69,4.49,3.80,3.30,3.06,3.34,3.88,3.64,3.62,3.61,3.47,3.44,3.42,3.24,3.35,3.48,3.51,3.51,3.68,3.96,4.40,4.69,4.59,4.47,4.24,4.03,3.94,3.78,3.62,3.64,3.73,3.72,3.77,3.88,4.01,3.92,4.01,4.10,3.93,3.93,4.14,4.22,4.20,4.27,4.55,4.27,5.03,5.15,4.58,4.22,4.71,4.68,4.61,4.73,4.83,4.46,4.39,4.42,4.49,4.52,4.53,4.49,4.67,5.18,5.38,5.06,5.04,5.11,5.51,5.59,5.91,6.30,7.19,7.84,7.50,6.83,7.02,7.03,7.29,7.77,8.19,8.11,8.42,+25.07,+20.04
R,14:50:00,14:54:34,24.02,24.57,28.30,32.20,33.47,26.52,16.97,19.75,15.49,16.39,24.46,23.04,22.39,18.87,15.89,17.23,18.10,19.47,20.80,21.02,22.00,21.81,21.37,18.06,19.37,20.77,24.55,26.12,25.35,24.84,36.58,41.81,41.81,36.43,32.12,28.80,25.58,23.53,23.71,24.35,23.07,24.04,23.88,23.32,22.99,24.51,24.48,24.50,26.60,26.29,21.16,21.49,21.28,22.87,26.19,29.32,29.63,29.99,32.19,34.67,36.22,34.36,33.23,31.58,26.91,23.58,22.05,24.43,28.30,26.35,26.30,26.34,25.40,25.09,24.91,23.57,24.21,25.18,25.37,25.34,26.51,28.47,31.53,33.33,32.34,31.65,30.16,28.70,28.07,27.02,26.06,26.47,27.28,27.20,27.68,28.42,29.52,28.78,29.29,29.91,28.52,28.12,29.30,30.04,29.99,30.43,32.42,30.55,36.14,36.84,32.45,30.67,34.15,33.91,33.64,34.93,35.39,32.66,32.19,32.31,32.72,32.81,32.73,32.36,33.65,37.32,38.66,36.62,36.45,37.19,40.17,40.80,42.80,45.58,51.88,56.94,54.62,49.74,50.21,49.75,52.93,56.46,59.40,58.53,60.68,+25.07,+20.04
L,15:00:00,15:04:33,3.99,5.67,7.55,6.44,4.39,4.17,2.64,4.12,3.00,2.41,2.33,2.15,2.12,1.88,1.66,1.85,2.01,2.13,2.17,2.12,2.27,2.47,2.75,2.57,2.63,2.81,3.07,3.33,3.59,3.72,4.98,4.73,4.68,4.50,4.29,4.23,4.09,3.85,3.51,3.36,3.07,3.26,3.25,3.22,3.15,3.04,3.06,3.17,3.27,3.46,4.20,4.80,5.07,5.15,5.76,8.22,9.31,7.69,6.38,5.38,6.51,6.83,7.71,7.46,5.90,5.26,5.59,5.26,4.47,3.75,3.55,3.67,3.81,3.82,4.02,3.82,3.91,3.94,4.04,4.23,4.38,4.92,5.60,5.97,7.27,6.81,5.52,4.91,4.66,4.56,4.87,4.81,4.60,4.43,4.26,4.35,4.15,4.20,4.01,4.11,4.46,4.93,5.58,6.37,6.88,6.81,6.46,6.62,5.95,6.23,6.60,5.70,5.33,4.87,4.67,4.59,4.44,4.58,4.65,4.69,4.91,5.29,5.62,5.60,5.45,5.68,6.48,6.09,5.59,5.15,4.94,4.93,4.89,5.14,5.55,6.26,7.17,7.35,6.60,6.31,5.35,5.26,5.57,6.19,5.82,+27.35,+19.23
R,15:00:00,15:04:33,31.85,45.75,60.15,50.37,34.52,32.68,21.70,34.50,25.18,19.86,18.92,16.99,16.96,15.60,14.32,15.48,16.30,16.88,17.24,16.94,18.46,19.69,21.60,20.16,20.98,22.58,24.72,27.08,29.06,30.22,37.13,35.14,34.96,33.84,32.14,31.30,30.12,28.40,26.01,25.20,23.06,24.70,24.84,24.75,24.07,23.20,23.23,23.93,24.96,26.25,31.40,35.44,37.40,38.24,42.46,58.84,68.43,56.75,46.06,39.79,47.33,49.29,55.29,53.32,42.50,38.41,40.88,38.65,33.28,28.14,27.01,28.01,28.93,29.09,30.52,28.99,29.45,29.74,30.36,31.68,32.48,36.14,40.96,43.58,52.55,49.70,40.15,36.10,34.43,34.10,36.62,36.07,34.46,33.42,32.24,32.77,31.44,31.93,30.37,30.89,33.25,36.06,40.31,46.14,50.00,49.28,45.65,47.12,43.38,45.32,47.35,41.47,39.37,36.36,35.25,34.63,33.61,34.45,35.14,35.57,37.04,39.44,41.53,41.12,39.76,41.91,48.07,45.16,41.89,38.75,37.13,36.83,36.52,38.42,41.16,46.02,52.24,53.64,48.15,46.19,39.49,38.77,40.97,45.22,42.30,+27.35,+19.23
L,15:10:00,15:14:34,3.84,3.32,3.59,3.37,3.34,3.49,2.20,3.35,2.37,2.52,2.78,2.76,2.70,2.29,2.07,2.44,2.74,2.95,2.83,2.84,2.87,2.69,2.90,2.47,2.49,2.44,2.46,2.69,3.11,4.00,3.79,3.91,3.97,3.86,3.98,3.87,3.34,3.70,4.34,4.70,4.41,4.67,4.15,4.16,3.99,3.78,3.83,3.87,3.76,3.69,3.79,3.91,4.14,4.90,5.50,5.12,4.45,4.53,4.95,4.84,7.75,8.52,8.00,17.42,8.91,5.15,4.88,4.87,4.46,4.62,4.24,4.22,3.95,3.99,4.09,4.11,4.63,4.43,4.98,5.43,6.21,5.86,5.64,6.29,6.28,5.40,4.55,4.39,5.05,4.57,4.08,3.69,3.76,3.83,3.93,4.12,4.35,4.67,4.68,5.43,6.22,6.63,6.69,6.83,6.44,6.79,6.36,5.73,6.65,7.50,9.25,9.05,7.09,6.29,5.08,5.09,4.87,4.75,4.61,4.65,4.38,3.94,4.19,4.78,4.89,6.00,5.59,5.00,5.48,5.26,5.14,4.69,4.73,5.24,5.93,7.06,8.76,7.60,7.45,6.33,5.19,4.78,5.41,6.32,5.56,+29.59,+18.35
R,15:10:00,15:14:34,30.14,25.74,27.08,25.28,25.80,26.61,17.89,27.40,19.78,20.39,23.22,22.63,21.93,19.32,17.96,20.92,22.84,24.40,23.17,23.27,23.80,21.61,23.11,19.59,19.76,19.24,19.39,21.28,24.29,31.59,26.83,28.14,29.30,28.48,29.61,29.13,24.70,27.90,32.99,35.75,33.54,35.73,31.50,31.44,29.81,28.27,28.67,28.78,27.93,27.45,28.20,28.96,30.70,36.05,41.06,38.21,33.44,33.68,36.55,36.32,56.25,61.94,56.80,132.42,64.14,36.98,36.32,36.20,33.32,34.56,31.84,31.76,29.61,30.02,30.63,30.53,34.55,32.80,36.78,40.40,46.78,43.99,41.35,45.17,44.94,38.32,32.66,32.22,37.76,34.25,30.16,27.24,28.09,28.73,29.50,31.07,32.72,35.30,35.04,40.30,46.20,49.09,49.12,49.38,46.10,47.59,45.53,41.29,49.30,55.34,68.77,65.16,51.39,46.20,38.25,38.71,37.20,36.41,35.07,35.57,33.73,30.25,31.99,36.36,36.60,44.27,41.45,38.07,42.29,40.32,39.40,35.91,36.15,39.66,44.43,52.24,65.73,56.26,55.89,47.17,39.34,36.62,41.45,47.81,41.39,+29.59,+18.35
L,15:20:00,15:24:33,3.84,3.48,5.03,9.16,12.52,9.11,4.53,4.08,3.27,2.76,2.60,2.41,2.42,2.05,1.87,2.04,2.48,2.89,2.91,2.31,2.44,2.43,2.34,2.11,2.16,2.25,2.74,3.13,3.37,3.78,5.08,4.51,3.86,3.24,2.81,3.32,3.46,3.11,3.56,3.30,2.87,3.36,3.69,3.28,3.28,3.33,3.32,3.33,3.41,3.47,3.65,4.20,5.39,6.09,5.78,5.66,5.46,5.51,5.07,5.13,5.92,5.92,6.16,5.65,5.42,5.43,4.69,4.29,4.24,4.21,4.04,3.90,3.81,3.42,3.46,3.40,3.26,3.72,4.24,3.96,3.59,3.99,5.21,6.42,5.53,4.63,3.81,4.30,4.52,3.95,3.95,3.59,3.98,3.58,3.87,4.26,4.44,4.39,4.61,5.25,5.80,5.77,5.54,5.64,5.65,5.27,4.76,4.23,5.34,6.03,6.44,6.72,7.39,6.14,5.14,4.87,4.78,4.26,4.00,3.84,3.54,3.65,4.87,6.24,6.50,6.25,6.71,6.47,4.66,4.36,4.13,4.19,4.45,4.77,5.47,6.47,7.06,7.43,6.65,5.62,5.29,4.99,4.86,5.07,5.54,+31.78,+17.41
R,15:20:00,15:24:33,30.32,27.04,38.60,72.52,101.44,72.55,37.03,33.68,27.65,23.12,21.58,19.63,19.75,17.35,16.61,17.49,20.92,23.96,23.80,18.78,20.19,19.79,18.60,16.53,17.29,18.09,22.07,25.19,26.88,30.09,36.37,32.96,28.57,24.55,21.42,24.99,25.98,23.30,26.86,24.97,21.50,24.75,27.53,24.71,25.06,25.35,25.23,25.37,25.94,26.40,27.14,30.65,38.67,43.57,41.65,41.19,39.13,39.25,36.37,37.22,42.99,42.36,43.96,40.45,39.17,39.79,34.67,31.91,31.43,31.40,30.26,29.23,28.45,25.35,25.68,24.94,24.01,27.34,31.04,29.01,26.26,29.13,37.94,46.65,38.16,32.39,27.09,31.33,32.81,28.58,29.01,26.24,29.45,26.14,28.48,31.39,32.77,32.26,33.50,38.26,42.24,42.07,40.04,40.31,39.80,37.29,34.06,30.06,38.02,42.83,46.16,48.46,53.34,43.73,36.89,35.18,34.66,30.73,28.82,27.49,25.29,25.79,34.46,44.63,46.67,44.65,47.83,46.05,33.19,30.93,29.20,29.53,31.39,33.45,38.12,45.02,49.38,51.75,46.12,38.58,37.55,35.18,34.27,35.79,38.98,+31.78,+17.41
L,15:30:00,15:34:34,3.21,3.29,5.30,8.09,5.34,5.23,2.59,2.48,1.82,1.76,2.02,2.12,2.14,1.69,1.46,1.69,2.01,2.15,2.16,2.08,2.18,2.10,1.94,1.90,2.35,2.27,2.42,2.59,3.03,2.93,3.93,3.95,4.03,3.98,4.16,3.85,3.03,2.46,2.24,2.36,2.50,2.52,2.35,2.34,2.32,2.40,2.58,2.80,3.03,3.22,3.35,3.60,4.17,5.14,6.49,6.54,5.48,5.11,4.95,4.87,5.15,5.19,5.57,5.64,5.14,4.79,4.66,4.27,3.92,3.51,3.10,2.80,2.60,2.55,2.70,2.90,3.33,3.51,3.45,3.56,3.82,3.97,4.25,4.82,4.81,4.50,4.26,4.15,3.91,3.86,3.77,3.58,3.31,3.05,2.95,3.03,3.19,3.35,3.61,3.96,4.36,4.71,4.85,4.83,4.89,5.11,5.34,5.28,5.44,5.39,5.17,5.16,4.95,4.42,4.03,3.76,3.60,3.42,3.32,3.31,3.48,3.80,4.20,4.58,4.87,5.25,4.89,4.39,3.91,3.65,3.74,3.87,4.03,4.22,4.33,4.38,4.47,4.48,4.24,4.45,4.35,4.22,4.26,4.39,4.45,+33.94,+16.40
R,15:30:00,15:34:34,25.71,25.90,40.42,64.21,41.70,41.08,21.24,20.45,15.25,14.50,16.68,17.22,17.33,14.17,12.73,14.39,16.72,17.69,17.50,16.82,17.94,16.93,15.20,14.98,19.22,18.19,19.40,20.61,24.25,23.30,29.07,29.43,30.36,30.17,31.40,28.71,22.35,18.14,16.66,17.53,18.66,18.77,17.35,17.29,17.19,17.93,19.18,20.76,22.57,24.00,25.06,26.92,31.12,37.84,46.50,46.76,39.17,36.45,35.78,35.79,36.82,37.27,39.78,39.78,36.36,34.43,33.90,31.07,28.48,25.53,22.46,20.37,18.80,18.47,19.61,20.92,24.05,25.61,25.02,25.68,27.49,28.52,30.57,34.51,34.19,32.12,30.50,29.65,27.95,27.54,27.01,25.64,23.55,21.70,20.99,21.54,22.78,23.84,25.59,28.12,30.86,33.35,34.45,34.20,34.48,35.89,37.52,37.37,38.19,37.80,36.37,36.41,34.66,30.96,28.31,26.40,25.37,24.05,23.30,23.17,24.37,26.58,29.30,32.11,34.22,36.76,33.90,30.57,27.22,25.52,26.24,27.24,28.24,29.50,30.27,30.62,30.88,30.88,29.61,31.25,30.62,29.84,30.19,30.99,31.32,+33.94,+16.40
L,15:40:00,15:44:33,2.72,3.51,5.18,13.28,10.90,5.89,2.24,3.02,1.95,1.87,1.96,1.95,2.03,1.70,1.61,1.82,2.08,2.19,2.80,1.92,1.80,1.75,2.06,2.07,2.31,2.50,2.44,2.33,2.56,2.85,5.19,4.83,4.30,4.11,3.84,3.57,3.29,2.98,2.69,2.58,2.37,2.38,2.27,2.27,2.30,2.39,2.57,2.67,2.96,3.09,3.10,3.32,3.86,4.46,5.34,6.18,6.77,6.90,6.50,5.76,6.29,6.52,6.91,7.09,6.46,4.91,4.44,4.43,3.93,3.35,3.04,2.98,3.02,2.98,3.02,3.11,3.33,3.48,3.89,4.27,4.17,4.35,4.78,5.36,5.58,5.15,5.30,5.50,5.21,4.59,4.12,3.90,3.71,3.65,3.70,3.66,3.68,3.72,3.79,4.12,4.91,5.80,6.35,6.69,7.02,7.17,7.31,7.29,6.85,7.16,8.09,7.55,6.12,4.93,4.50,4.56,4.49,4.20,4.20,4.17,4.23,4.49,4.84,5.34,6.13,6.89,5.98,5.43,4.96,4.60,4.47,4.68,5.34,5.97,6.63,6.57,6.42,6.30,6.16,6.86,6.18,5.09,4.86,5.45,5.91,+36.05,+15.34
R,15:40:00,15:44:33,21.59,27.79,40.21,111.57,88.42,45.84,18.09,24.97,16.36,15.55,16.25,15.80,16.52,14.37,14.36,15.86,17.60,17.99,23.32,15.23,15.06,14.10,16.57,16.87,19.18,20.72,19.70,19.01,20.67,23.22,38.77,36.47,32.99,31.61,29.49,27.35,24.81,22.52,20.65,19.88,18.43,18.58,17.70,17.64,17.83,18.45,19.63,20.30,22.63,23.83,23.95,25.37,29.65,33.59,39.61,44.96,49.22,50.71,47.65,42.97,46.22,47.59,50.50,51.79,47.14,36.27,33.91,33.48,29.75,25.49,23.18,22.76,23.27,22.93,23.14,23.74,25.29,26.42,29.78,32.83,31.83,32.58,35.44,39.71,41.57,38.70,40.34,41.60,39.27,34.70,31.37,29.54,28.16,27.74,28.22,27.96,28.07,28.40,28.70,31.03,36.53,43.08,47.50,49.89,51.76,52.35,53.69,54.00,50.52,52.83,59.07,55.16,44.93,36.62,34.09,34.70,34.26,32.10,32.14,31.84,32.27,34.12,36.65,40.10,45.83,51.14,44.58,40.89,37.58,35.20,34.32,35.89,40.72,45.52,50.20,49.94,48.27,47.34,46.55,52.14,46.97,39.04,37.48,41.86,45.28,+36.05,+15.34
L,15:50:00,15:54:33,3.55,3.45,5.60,6.93,4.97,4.67,3.48,3.35,1.94,1.83,1.80,1.74,1.77,1.58,1.38,1.51,1.72,2.05,2.17,1.59,1.58,1.95,2.35,2.93,2.71,2.42,2.49,2.66,2.81,3.72,9.50,6.53,4.70,4.82,4.66,4.29,3.41,2.88,2.91,2.63,2.44,2.56,2.40,2.32,2.34,2.16,2.14,2.22,2.38,2.55,2.83,3.00,3.61,4.92,7.30,11.63,21.22,13.39,11.12,8.96,9.13,12.49,11.51,9.09,6.68,4.74,3.73,3.75,3.29,2.89,2.81,2.90,3.18,3.28,3.37,3.54,3.51,3.43,3.72,3.74,4.62,5.64,6.04,7.43,6.84,6.12,5.26,4.30,4.26,4.23,3.88,3.73,3.75,3.89,3.92,3.74,3.60,3.67,3.54,3.49,4.08,4.80,5.61,6.05,7.43,8.45,8.55,7.19,6.62,8.37,8.28,6.94,5.22,4.07,4.31,4.43,4.05,3.93,4.15,4.35,4.46,4.22,4.36,5.36,6.14,5.41,4.79,5.22,4.87,4.62,4.23,4.12,4.30,4.98,5.79,6.01,5.76,5.00,5.31,5.41,4.75,4.28,4.29,4.89,4.88,+38.13,+14.23
R,15:50:00,15:54:33,27.95,26.94,43.85,54.36,38.68,37.12,29.13,27.91,16.04,15.35,14.66,13.94,14.26,13.29,12.12,12.72,14.27,16.45,17.54,12.53,13.09,15.80,19.09,24.50,21.55,19.25,19.80,21.35,22.36,29.94,70.30,48.77,34.87,36.91,35.93,32.88,25.70,21.57,22.05,20.09,18.83,19.84,18.73,17.99,18.06,16.60,16.36,16.82,17.98,19.35,21.65,22.73,26.93,36.84,53.84,84.40,142.51,97.50,82.01,66.41,66.67,90.25,81.48,64.52,48.12,34.14,27.79,28.26,24.73,21.52,21.14,22.00,24.06,24.72,25.32,26.43,26.24,25.91,28.22,28.36,34.32,42.25,44.83,54.56,50.50,45.28,38.68,32.02,31.93,31.80,29.22,27.93,27.93,29.03,29.44,28.12,27.11,27.54,26.41,25.83,30.17,35.47,41.60,44.72,54.41,61.48,62.17,51.83,48.75,61.94,60.63,50.55,37.68,29.94,32.42,32.92,30.15,29.38,31.14,32.63,33.47,31.70,32.73,40.16,45.63,39.25,35.03,38.86,36.87,34.71,31.76,30.78,31.85,36.57,42.55,44.77,42.91,37.29,39.30,39.69,35.08,31.83,32.14,36.42,36.11,+38.13,+14.23
L,16:00:00,16:04:34,2.37,2.89,3.70,3.95,3.32,2.64,1.62,1.86,2.06,1.58,1.62,1.62,1.55,1.30,1.20,1.42,1.69,2.12,1.74,1.04,0.97,1.35,1.89,2.44,2.52,2.16,2.05,2.09,2.24,2.45,5.06,4.03,3.80,4.16,3.62,3.17,2.96,2.47,2.21,2.06,1.85,1.85,1.75,1.77,1.80,1.88,1.98,2.06,2.12,2.27,2.52,3.63,4.76,5.16,5.56,6.52,11.63,11.19,8.17,5.28,10.51,11.77,9.73,9.22,6.51,4.63,3.75,3.09,2.53,2.70,2.74,2.58,2.53,2.51,2.51,2.42,2.47,2.54,2.71,3.74,4.74,4.81,4.97,6.26,7.17,6.80,6.31,5.49,4.17,3.39,2.93,2.78,3.03,3.25,3.27,3.35,3.31,3.36,3.71,3.90,3.61,3.46,3.92,5.57,8.17,8.67,6.90,6.18,5.56,6.04,6.21,4.99,4.99,5.21,4.56,4.01,3.99,3.92,3.88,4.06,4.28,3.90,3.55,3.71,4.14,4.90,4.26,3.83,4.47,4.83,4.26,4.18,4.64,4.95,5.08,5.87,6.36,5.74,5.89,5.88,5.37,4.41,4.37,5.27,5.19,+40.16,+13.07
R,16:00:00,16:04:34,18.72,22.41,27.94,30.45,26.04,20.76,13.30,15.22,17.25,12.84,13.27,12.98,12.50,10.81,10.45,12.14,14.19,17.40,13.75,8.04,7.79,10.88,15.42,20.27,20.31,17.16,16.14,16.58,17.54,19.38,36.96,29.88,28.86,31.63,27.32,23.94,22.24,18.12,16.20,15.38,13.93,13.93,13.08,13.16,13.34,13.99,14.65,15.29,15.58,16.75,18.65,26.46,35.01,38.86,42.21,48.19,85.64,83.23,62.45,39.17,78.78,86.92,68.66,64.78,44.31,32.99,27.19,22.47,18.52,20.00,20.26,18.97,18.52,18.34,18.27,17.38,17.63,18.29,19.80,27.66,35.34,36.27,37.50,45.52,53.44,50.47,46.43,39.80,30.41,24.75,21.28,20.17,21.93,23.73,23.80,24.37,24.29,24.78,27.28,29.07,26.75,25.32,28.22,39.23,57.86,61.74,49.32,44.10,40.05,43.64,44.53,36.84,37.24,38.43,33.06,29.32,29.14,28.45,28.19,29.53,31.33,28.46,25.79,26.68,29.68,34.80,30.94,27.79,32.98,35.25,30.84,30.16,33.61,36.40,37.16,42.21,45.74,41.79,42.89,42.99,38.83,31.71,31.61,37.81,37.38,+40.16,+13.07
L,16:10:00,16:14:34,2.38,2.33,3.90,2.75,2.43,2.61,1.22,1.21,0.92,1.14,1.27,1.31,1.19,0.94,0.89,1.02,1.12,1.33,1.27,0.93,0.83,1.04,1.50,2.04,2.04,2.19,1.96,2.40,2.40,2.16,5.53,5.41,5.17,4.05,3.40,2.88,2.88,2.36,1.99,1.82,1.55,1.54,1.50,1.42,1.41,1.55,1.43,1.51,1.80,1.82,1.87,2.05,2.13,2.08,2.35,2.71,3.32,4.82,6.30,6.16,4.73,4.54,4.04,3.38,2.87,2.60,2.31,2.49,2.51,2.01,1.64,1.78,1.79,1.81,1.93,2.07,2.32,2.51,2.74,3.11,3.57,3.97,4.73,5.04,4.42,4.65,3.96,3.57,3.30,2.87,2.64,2.56,2.39,2.27,2.22,2.22,2.19,1.97,1.89,2.17,2.73,3.13,3.27,3.28,3.30,3.43,3.58,3.75,3.88,3.89,3.70,3.70,3.29,2.48,2.11,2.29,2.63,2.66,2.61,2.70,2.85,2.99,3.12,3.30,3.47,3.24,3.68,3.47,3.24,3.08,3.01,3.09,3.07,2.79,2.55,2.54,2.90,3.61,3.69,3.39,3.32,3.22,3.31,3.61,3.51,+42.15,+11.85
R,16:10:00,16:14:34,18.60,17.94,29.88,20.65,19.45,21.28,9.96,9.89,7.48,9.50,10.47,10.67,9.50,7.86,7.78,8.62,9.37,10.80,10.22,7.28,6.63,8.34,12.27,17.35,16.89,18.47,15.22,19.61,19.17,17.01,41.70,40.77,40.11,30.86,26.06,22.32,22.20,17.65,14.72,13.55,11.58,11.58,11.25,10.55,10.30,11.45,10.34,10.88,13.24,13.53,13.88,15.20,16.11,15.43,17.23,19.64,23.68,34.24,46.96,44.81,35.35,33.32,29.84,24.37,20.70,18.45,16.40,18.12,17.99,14.11,11.49,12.56,12.60,12.70,13.55,14.55,16.39,17.68,19.53,22.46,25.57,28.51,34.07,36.26,31.33,33.32,28.42,25.68,23.48,20.09,18.30,17.76,16.45,15.55,15.23,15.23,15.17,13.50,12.68,14.65,18.71,21.84,23.17,23.38,23.65,24.53,25.42,26.47,26.84,26.80,25.63,25.81,22.35,16.51,14.15,15.63,18.05,18.14,17.84,18.45,19.52,20.45,21.58,22.81,24.15,22.50,25.61,23.93,22.25,21.06,20.61,21.12,21.07,19.24,17.43,17.42,19.95,24.98,25.60,23.61,22.88,21.99,22.68,24.83,23.99,+42.15,+11.85
L,16:20:00,16:24:33,1.43,1.23,1.27,1.22,1.06,1.08,0.77,0.86,0.83,1.12,1.05,0.90,0.93,0.76,0.68,0.79,0.87,0.98,0.94,0.76,0.64,0.71,0.87,0.95,1.72,1.77,1.53,1.69,1.78,1.82,1.61,1.96,2.49,2.71,2.34,1.90,1.54,1.38,1.35,1.30,1.15,1.23,1.28,1.28,1.27,1.29,1.39,1.63,1.80,2.08,2.11,1.82,1.64,1.52,1.46,1.44,1.47,1.51,1.52,1.50,1.87,1.87,1.94,1.93,1.88,1.98,2.19,2.42,2.22,1.92,1.67,1.59,1.51,1.54,1.64,1.60,1.60,1.70,1.87,1.96,2.03,1.90,1.80,1.74,1.87,1.97,2.10,2.19,2.14,1.93,1.72,1.75,1.84,1.81,1.73,1.75,1.88,2.01,2.05,2.17,2.36,2.58,2.61,2.53,2.51,2.52,2.45,2.42,2.64,2.79,2.78,2.58,2.47,2.38,2.35,2.27,2.04,1.92,1.87,1.94,2.04,2.12,2.08,2.01,2.00,2.07,2.27,2.27,2.15,2.05,2.10,2.23,2.22,2.33,2.43,2.50,2.54,2.40,2.29,2.31,2.33,2.68,2.55,2.32,2.55,+44.10,+10.59
R,16:20:00,16:24:33,11.28,9.63,9.65,9.33,8.35,8.67,6.34,7.20,6.87,9.63,8.58,7.19,7.50,6.35,5.96,6.78,7.27,8.12,7.60,6.09,5.25,5.75,7.09,8.15,15.02,14.93,12.35,13.66,14.55,15.09,11.64,14.58,19.03,20.73,17.60,14.71,11.90,10.37,9.95,9.83,8.73,9.30,9.65,9.58,9.39,9.55,10.22,12.04,13.50,15.45,15.59,13.63,12.29,11.19,10.70,10.45,10.65,10.94,11.06,10.70,13.30,13.32,13.88,13.90,13.70,14.62,16.25,17.85,16.19,13.80,11.95,11.60,10.77,10.98,11.70,11.20,11.30,12.02,13.33,14.00,14.46,13.35,12.55,12.11,13.17,14.02,14.99,15.60,15.09,13.48,11.96,12.17,12.89,12.61,12.05,12.30,13.35,14.27,14.60,15.37,16.87,18.55,18.86,18.32,18.10,18.19,17.59,17.38,18.55,19.65,19.49,18.16,17.59,16.86,16.71,16.09,14.41,13.44,13.07,13.48,14.21,14.86,14.71,14.19,13.98,14.52,16.02,15.94,14.89,14.32,14.66,15.66,15.64,16.52,17.14,17.60,17.71,16.81,15.90,16.19,16.61,19.04,18.07,16.39,18.10,+44.10,+10.59
L,16:30:00,16:34:34,0.76,0.67,0.80,0.88,0.86,1.00,0.87,0.95,0.71,0.73,0.77,0.72,0.74,0.58,0.53,0.68,0.72,0.74,0.84,0.87,0.64,0.63,0.84,0.97,1.06,1.07,1.04,0.96,0.87,0.89,1.19,1.25,1.42,1.58,1.65,1.52,1.32,1.29,1.20,1.07,0.97,0.99,0.88,0.88,0.89,0.87,0.94,1.18,1.42,1.55,1.52,1.53,1.56,1.72,1.87,1.88,1.84,1.62,1.31,1.23,1.87,1.78,1.86,1.65,1.60,1.72,1.85,2.01,1.88,1.70,1.34,1.15,1.16,1.17,1.20,1.25,1.42,1.58,1.61,1.54,1.40,1.40,1.46,1.54,1.65,1.63,1.73,1.83,1.99,2.09,1.94,1.71,1.53,1.43,1.39,1.34,1.30,1.36,1.46,1.85,2.12,2.24,2.18,2.02,1.87,1.83,1.85,1.88,2.00,2.04,2.09,2.27,2.18,1.92,1.67,1.52,1.50,1.57,1.62,1.65,1.65,1.73,1.82,1.84,1.79,1.68,1.69,1.79,1.77,1.79,1.76,1.76,1.79,1.82,1.82,1.77,1.65,1.59,1.68,1.77,1.87,1.83,1.77,1.82,1.86,+46.01,+9.28
R,16:30:00,16:34:34,5.84,5.18,5.98,6.80,6.73,7.95,7.20,7.98,5.94,6.09,6.40,5.80,5.95,5.01,4.67,5.90,6.06,6.09,7.02,7.27,5.37,5.23,6.99,8.30,9.06,9.19,8.77,7.93,6.98,7.33,9.43,10.00,11.17,12.22,12.83,11.45,9.78,9.68,9.03,8.11,7.27,7.37,6.51,6.61,6.75,6.68,7.17,8.92,10.84,11.94,11.71,11.84,11.85,12.88,13.99,14.27,13.83,12.10,9.81,9.29,13.96,13.19,13.55,11.83,11.65,12.75,13.74,15.08,13.88,12.46,9.73,8.43,8.32,8.50,8.66,9.14,10.45,11.81,11.91,11.32,10.26,10.19,10.51,11.07,12.00,11.78,12.62,13.43,14.57,15.38,14.20,12.42,10.93,10.20,9.81,9.50,9.27,9.74,10.56,13.35,15.32,16.31,15.93,14.70,13.34,13.06,13.19,13.58,14.16,14.47,15.07,16.39,15.44,13.47,11.75,10.68,10.56,11.07,11.39,11.64,11.73,12.21,12.81,12.97,12.52,11.53,11.70,12.41,12.34,12.51,12.22,12.21,12.53,12.71,12.72,12.37,11.27,10.88,11.58,12.42,13.12,12.65,12.30,12.60,12.83,+46.01,+9.28
L,16:40:00,16:44:33,0.68,0.64,0.80,0.99,0.90,0.77,0.54,0.67,0.58,0.59,0.68,0.66,0.61,0.50,0.46,0.55,0.58,0.56,0.57,0.61,0.65,0.65,0.61,0.62,0.67,0.71,0.76,0.71,0.78,0.82,1.21,1.11,0.99,0.97,0.96,0.98,0.96,0.92,0.95,0.96,0.90,0.97,1.00,1.00,1.02,1.07,1.13,1.21,1.32,1.23,1.07,0.97,1.06,1.16,1.25,1.46,1.83,1.69,1.36,1.17,1.58,1.67,2.03,2.02,1.59,1.21,0.95,0.97,1.19,1.39,1.61,1.59,1.56,1.54,1.54,1.50,1.52,1.45,1.33,1.20,1.18,1.20,1.36,1.58,1.68,1.56,1.39,1.30,1.35,1.64,1.90,2.03,1.97,1.88,1.85,1.82,1.81,1.86,1.85,1.75,1.65,1.48,1.29,1.14,1.11,1.17,1.19,1.23,1.47,1.48,1.61,1.92,2.16,2.19,2.06,2.02,1.96,1.96,2.02,2.06,2.08,2.17,2.31,2.58,2.82,2.81,3.16,2.72,2.41,2.35,2.17,1.99,2.03,2.13,2.17,2.21,2.32,2.49,2.40,2.35,2.12,1.88,1.97,2.27,2.04,+47.89,+7.93
R,16:40:00,16:44:33,5.29,4.99,6.10,7.64,7.16,6.01,4.53,5.58,4.89,4.84,5.64,5.32,4.72,4.01,3.96,4.73,4.92,4.55,4.71,5.11,5.57,5.42,4.96,5.14,5.60,6.10,6.42,5.88,6.56,6.75,9.32,8.51,7.60,7.45,7.47,7.47,7.22,6.98,7.19,7.38,6.96,7.64,7.80,7.93,7.99,8.39,8.73,9.29,10.04,9.19,7.99,7.17,8.11,8.84,9.48,10.96,14.09,12.94,10.37,8.88,11.79,12.40,15.17,15.17,11.84,8.71,7.02,7.12,8.78,10.40,12.36,12.22,11.86,11.81,11.66,11.22,11.49,10.94,9.83,8.73,8.63,8.73,10.07,11.88,12.21,11.30,10.10,9.28,9.84,12.22,14.39,15.27,14.91,14.10,13.91,13.57,13.68,13.94,13.84,13.22,12.60,11.11,9.53,8.34,7.90,8.29,8.48,8.84,11.07,11.03,12.17,14.70,16.48,16.55,15.44,15.20,14.73,14.58,15.08,15.49,15.58,16.31,17.37,19.53,21.70,21.84,24.01,20.51,18.11,17.58,16.14,14.71,15.03,15.95,16.26,16.77,17.20,18.43,17.93,17.75,15.68,13.74,14.39,16.56,14.88,+47.89,+7.93
L,16:50:00,16:54:34,0.63,0.65,0.86,1.32,0.89,0.80,0.51,0.54,0.40,0.38,0.38,0.40,0.41,0.38,0.36,0.42,0.46,0.46,0.49,0.50,0.51,0.50,0.51,0.49,0.57,0.55,0.56,0.59,0.60,0.66,1.66,1.43,1.19,0.97,0.86,0.85,0.92,0.99,1.00,0.99,0.92,0.90,0.81,0.75,0.67,0.64,0.63,0.63,0.64,0.70,0.77,0.86,0.93,0.96,0.97,1.01,1.22,1.36,1.47,1.48,1.85,1.60,1.49,1.34,1.32,1.28,1.28,1.15,1.01,0.94,0.92,0.95,1.03,1.16,1.21,1.28,1.45,1.54,1.56,1.58,1.62,1.57,1.51,1.44,1.78,2.03,2.05,1.95,1.85,1.83,1.76,1.73,1.60,1.50,1.43,1.28,1.18,1.12,1.09,1.14,1.23,1.38,1.56,1.80,2.08,2.26,2.05,2.32,2.00,1.98,1.96,1.73,1.50,1.36,1.31,1.34,1.40,1.53,1.70,1.81,1.77,1.90,2.14,2.25,2.40,2.50,2.30,2.13,2.07,2.04,1.82,1.60,1.47,1.47,1.55,1.66,1.84,2.12,2.12,1.80,1.55,1.53,1.73,1.97,1.69,+49.73,+6.54
R,16:50:00,16:54:34,4.98,4.99,6.75,11.12,7.03,6.53,4.20,4.56,3.22,3.18,3.03,3.18,3.28,3.11,3.14,3.68,3.84,3.79,3.95,4.10,4.27,4.20,4.26,4.11,4.87,4.76,4.75,5.06,5.18,5.69,13.61,11.76,9.68,7.93,6.87,6.81,7.38,7.93,8.10,8.15,7.45,7.16,6.51,5.99,5.25,5.04,4.96,4.97,5.14,5.53,6.14,6.87,7.48,7.70,7.57,7.65,9.04,10.51,11.64,11.65,14.68,12.17,11.22,10.19,10.10,9.86,9.98,9.04,7.84,7.25,7.12,7.35,7.95,9.06,9.47,9.98,11.47,12.35,12.58,12.81,13.17,12.68,12.05,11.18,13.98,16.26,16.32,15.40,14.62,14.47,13.88,13.58,12.48,11.54,10.94,9.65,9.01,8.61,8.20,8.62,9.45,10.51,11.85,13.64,15.68,17.01,15.29,17.89,15.02,14.94,14.68,12.99,11.28,10.22,10.11,10.29,10.66,11.75,13.11,14.07,13.75,14.83,16.88,17.88,19.08,19.84,17.88,16.82,16.37,16.07,14.12,12.32,11.39,11.34,12.04,12.98,14.31,16.60,16.51,14.05,11.94,11.74,13.37,15.20,12.93,+49.73,+6.54
L,17:00:00,17:04:34,0.70,0.63,0.63,0.58,0.46,0.46,0.29,0.29,0.29,0.31,0.35,0.32,0.33,0.29,0.27,0.29,0.37,0.44,0.44,0.40,0.52,0.54,0.53,0.44,0.44,0.41,0.43,0.48,0.52,0.62,0.85,0.84,0.74,0.67,0.62,0.58,0.55,0.53,0.50,0.44,0.40,0.42,0.42,0.43,0.44,0.43,0.41,0.40,0.41,0.41,0.42,0.45,0.50,0.58,0.66,0.75,0.79,0.78,0.76,0.74,0.84,0.88,0.88,0.84,0.75,0.63,0.56,0.54,0.53,0.50,0.49,0.51,0.52,0.53,0.53,0.50,0.51,0.53,0.56,0.61,0.68,0.76,0.82,0.87,0.88,0.83,0.78,0.74,0.67,0.62,0.60,0.61,0.62,0.61,0.64,0.64,0.63,0.62,0.60,0.62,0.65,0.69,0.73,0.75,0.77,0.77,0.78,0.80,0.79,0.79,0.77,0.77,0.75,0.73,0.73,0.76,0.77,0.77,0.77,0.73,0.73,0.73,0.74,0.75,0.76,0.80,0.85,0.84,0.82,0.81,0.83,0.82,0.83,0.87,0.89,0.90,0.93,0.94,0.93,0.92,0.86,0.85,0.87,0.88,0.88,+51.53,+5.11
R,17:00:00,17:04:34,5.85,5.01,4.77,4.50,3.73,3.69,2.29,2.27,2.39,2.58,2.68,2.51,2.63,2.45,2.35,2.50,3.22,3.58,3.60,3.33,4.37,4.56,4.47,3.74,3.80,3.54,3.66,4.00,4.43,5.29,6.62,6.48,5.71,5.09,4.67,4.31,4.06,3.94,3.58,3.14,2.72,2.96,2.97,2.98,3.07,3.11,2.87,2.76,2.87,2.89,2.98,3.09,3.85,4.34,4.92,5.59,5.70,5.73,5.50,5.35,6.19,6.43,6.42,6.11,5.35,4.48,3.86,3.64,3.59,3.22,3.22,3.30,3.37,3.39,3.28,3.03,3.14,3.30,3.57,3.91,4.51,5.17,5.59,6.04,5.89,5.44,5.09,4.71,4.24,3.74,3.65,3.70,3.68,3.69,3.94,3.91,3.96,3.83,3.60,3.80,4.06,4.27,4.68,4.78,4.91,4.82,4.84,5.07,4.84,4.92,4.75,4.84,4.63,4.60,4.55,4.78,4.83,4.63,4.58,4.35,4.32,4.36,4.43,4.46,4.57,4.78,5.28,5.13,5.08,4.87,4.98,4.93,5.08,5.35,5.49,5.71,5.81,5.99,5.76,5.68,5.17,5.06,5.32,5.28,5.19,+51.53,+5.11
L,17:10:00,17:14:34,0.64,0.49,0.53,0.42,0.34,0.42,0.27,0.30,0.27,0.25,0.32,0.30,0.29,0.25,0.23,0.25,0.26,0.26,0.26,0.28,0.35,0.36,0.37,0.36,0.45,0.54,0.73,0.84,0.77,0.65,0.82,0.73,0.73,0.72,0.61,0.58,0.60,0.57,0.56,0.51,0.43,0.41,0.39,0.41,0.43,0.44,0.43,0.41,0.42,0.47,0.52,0.66,0.77,0.79,0.88,0.82,0.64,0.56,0.55,0.58,0.74,0.91,1.28,1.51,1.50,1.01,0.74,0.57,0.50,0.51,0.54,0.56,0.56,0.56,0.54,0.54,0.60,0.67,0.72,0.68,0.67,0.78,0.83,0.85,1.11,1.00,0.90,0.87,0.76,0.80,0.81,0.72,0.66,0.65,0.66,0.64,0.63,0.64,0.64,0.62,0.60,0.59,0.60,0.67,0.87,1.00,0.95,0.91,0.93,1.04,0.96,0.76,0.72,0.70,0.68,0.65,0.65,0.65,0.68,0.69,0.70,0.71,0.73,0.77,0.75,0.75,0.81,0.78,0.78,0.73,0.67,0.65,0.65,0.64,0.64,0.66,0.71,0.74,0.70,0.65,0.66,0.66,0.64,0.63,0.64,+53.30,+3.65
R,17:10:00,17:14:34,4.97,3.70,4.04,3.04,2.75,3.38,2.15,2.50,2.21,2.09,2.62,2.60,2.46,2.22,2.00,2.16,2.27,2.17,2.17,2.46,3.06,3.08,3.23,3.20,3.94,4.78,6.71,7.30,6.36,5.37,6.53,5.88,5.73,5.88,4.94,4.86,5.09,4.82,4.61,4.17,3.48,3.27,3.17,3.33,3.33,3.48,3.35,3.12,3.23,3.75,4.22,5.35,6.41,6.45,7.04,6.60,4.97,4.21,3.98,4.17,5.39,6.73,9.88,12.02,12.22,8.14,5.95,4.52,3.90,3.95,4.14,4.39,4.29,4.40,4.22,4.21,4.75,5.23,5.78,5.47,5.47,6.31,6.55,6.43,8.86,7.95,7.28,7.13,5.95,6.21,6.40,5.61,5.20,5.09,5.20,5.06,5.14,5.06,5.03,5.02,4.89,4.89,4.89,5.55,7.12,8.19,7.70,7.34,7.59,8.58,7.76,6.16,5.79,5.65,5.57,5.37,5.27,5.22,5.43,5.54,5.60,5.75,5.95,6.24,5.98,6.09,6.65,6.31,6.24,5.83,5.49,5.19,5.32,5.20,5.16,5.43,5.79,5.94,5.65,5.37,5.47,5.29,5.09,5.07,5.19,+53.30,+3.65
L,17:20:00,17:24:34,0.29,0.27,0.29,0.32,0.31,0.28,0.16,0.19,0.17,0.17,0.19,0.17,0.17,0.15,0.12,0.14,0.17,0.19,0.18,0.17,0.22,0.26,0.25,0.23,0.25,0.26,0.33,0.36,0.33,0.30,0.51,0.51,0.50,0.47,0.42,0.40,0.37,0.35,0.34,0.31,0.26,0.27,0.27,0.29,0.30,0.30,0.32,0.32,0.34,0.35,0.39,0.38,0.34,0.31,0.31,0.30,0.31,0.33,0.35,0.39,0.34,0.33,0.35,0.38,0.37,0.40,0.41,0.43,0.41,0.39,0.39,0.40,0.39,0.40,0.36,0.33,0.34,0.35,0.38,0.37,0.34,0.31,0.29,0.28,0.34,0.35,0.37,0.41,0.42,0.40,0.39,0.39,0.43,0.46,0.47,0.46,0.47,0.49,0.44,0.41,0.44,0.46,0.47,0.50,0.51,0.52,0.48,0.46,0.56,0.62,0.59,0.53,0.46,0.45,0.50,0.57,0.54,0.51,0.51,0.53,0.54,0.52,0.53,0.49,0.42,0.39,0.46,0.53,0.54,0.55,0.53,0.56,0.57,0.56,0.55,0.57,0.59,0.54,0.56,0.58,0.60,0.59,0.56,0.60,0.61,+55.04,+2.15
R,17:20:00,17:24:34,2.21,2.14,2.21,2.56,2.60,2.42,1.29,1.68,1.57,1.54,1.75,1.55,1.45,1.42,1.25,1.35,1.53,1.79,1.69,1.69,2.15,2.47,2.40,2.22,2.40,2.48,2.99,3.12,2.78,2.51,4.00,4.04,4.07,3.98,3.53,3.35,3.07,2.81,2.84,2.63,2.29,2.29,2.26,2.32,2.37,2.39,2.65,2.57,2.81,3.07,3.22,3.20,2.88,2.52,2.45,2.25,2.22,2.30,2.39,2.57,2.42,2.45,2.65,2.92,2.82,3.16,3.42,3.57,3.34,3.12,3.01,3.02,2.75,2.89,2.72,2.39,2.51,2.63,2.72,2.51,2.27,2.12,1.98,1.88,2.42,2.36,2.60,2.87,3.04,2.83,2.84,2.93,3.16,3.42,3.35,3.34,3.59,3.81,3.40,3.11,3.42,3.60,3.96,4.00,4.10,4.21,3.80,3.48,4.42,4.80,4.63,4.11,3.50,3.49,4.06,4.50,4.16,3.78,3.88,4.00,4.09,3.85,3.89,3.54,3.11,2.93,3.52,3.91,4.01,4.22,4.15,4.34,4.42,4.47,4.16,4.51,4.58,4.21,4.30,4.42,4.86,4.77,4.57,4.86,4.97,+55.04,+2.15
L,17:30:00,17:34:34,0.16,0.17,0.19,0.25,0.29,0.28,0.13,0.15,0.12,0.12,0.14,0.13,0.14,0.21,0.10,0.11,0.12,0.13,0.13,0.11,0.11,0.14,0.15,0.17,0.19,0.19,0.19,0.19,0.18,0.17,0.22,0.21,0.20,0.19,0.19,0.18,0.17,0.17,0.17,0.17,0.16,0.18,0.18,0.19,0.20,0.21,0.22,0.23,0.22,0.23,0.23,0.23,0.24,0.26,0.26,0.27,0.27,0.25,0.23,0.21,0.23,0.26,0.25,0.26,0.30,0.31,0.29,0.28,0.28,0.27,0.26,0.25,0.24,0.22,0.22,0.21,0.21,0.21,0.20,0.20,0.21,0.21,0.22,0.22,0.29,0.28,0.27,0.25,0.24,0.24,0.24,0.24,0.24,0.25,0.26,0.28,0.28,0.29,0.30,0.30,0.31,0.31,0.31,0.33,0.33,0.33,0.31,0.33,0.33,0.35,0.34,0.33,0.32,0.33,0.33,0.31,0.31,0.31,0.30,0.28,0.27,0.27,0.27,0.28,0.29,0.31,0.33,0.32,0.31,0.31,0.32,0.32,0.32,0.33,0.34,0.34,0.34,0.34,0.35,0.34,0.33,0.33,0.33,0.33,0.34,+56.75,+0.63
R,17:30:00,17:34:34,1.14,1.40,1.63,2.51,2.86,3.06,1.23,1.52,1.17,1.20,1.35,1.18,1.28,2.96,1.18,1.23,1.42,1.34,1.49,1.19,1.30,1.50,1.69,2.09,2.12,2.11,1.95,1.80,1.64,1.68,2.06,1.90,1.81,1.66,1.76,1.63,1.65,1.58,1.50,1.59,1.47,1.53,1.59,1.73,1.76,1.88,1.95,2.01,1.95,1.98,1.88,1.98,2.20,2.35,2.32,2.45,2.40,2.17,2.00,1.78,1.95,2.16,2.09,2.25,2.41,2.46,2.36,2.29,2.40,2.16,2.05,2.05,1.78,1.55,1.53,1.48,1.45,1.43,1.40,1.34,1.40,1.39,1.54,1.64,2.17,1.91,1.85,1.68,1.53,1.55,1.57,1.65,1.58,1.68,1.75,1.86,2.04,2.17,2.11,2.34,2.43,2.27,2.52,2.42,2.47,2.43,2.27,2.48,2.34,2.60,2.48,2.47,2.39,2.32,2.40,2.17,2.14,2.01,2.07,1.88,1.78,1.78,1.86,1.99,2.05,2.17,2.42,2.26,2.15,2.09,2.25,2.19,2.27,2.35,2.46,2.61,2.39,2.41,2.45,2.40,2.45,2.25,2.21,2.21,2.34,+56.75,+0.63
L,17:40:00,17:44:34,0.14,0.16,0.23,0.45,0.55,0.34,0.12,0.15,0.07,0.07,0.08,0.08,0.08,0.07,0.06,0.07,0.08,0.08,0.09,0.08,0.08,0.09,0.09,0.12,0.11,0.11,0.12,0.13,0.13,0.13,0.19,0.17,0.15,0.15,0.15,0.15,0.13,0.12,0.13,0.13,0.12,0.12,0.10,0.09,0.09,0.09,0.08,0.09,0.09,0.10,0.11,0.15,0.17,0.23,0.25,0.27,0.31,0.27,0.25,0.22,0.22,0.23,0.24,0.27,0.32,0.21,0.22,0.15,0.12,0.11,0.11,0.11,0.11,0.11,0.12,0.12,0.15,0.18,0.18,0.17,0.17,0.19,0.21,0.22,0.21,0.21,0.20,0.20,0.20,0.19,0.16,0.14,0.13,0.12,0.12,0.13,0.13,0.12,0.12,0.13,0.14,0.15,0.17,0.18,0.18,0.19,0.22,0.22,0.21,0.21,0.19,0.18,0.16,0.14,0.13,0.14,0.14,0.14,0.14,0.13,0.13,0.14,0.15,0.16,0.16,0.17,0.16,0.16,0.15,0.15,0.15,0.14,0.14,0.14,0.14,0.15,0.16,0.16,0.16,0.16,0.14,0.15,0.15,0.15,0.15,+58.43,-0.93
R,17:40:00,17:44:34,1.22,1.50,2.58,8.12,9.52,5.38,2.19,3.28,0.99,0.89,1.11,0.98,1.16,1.57,1.02,1.18,1.32,1.28,1.19,1.34,1.38,1.57,1.43,2.97,2.32,1.78,1.38,1.40,1.52,1.49,1.91,1.68,1.60,1.66,1.71,1.75,1.58,1.66,1.69,1.73,1.53,1.27,1.24,1.04,1.01,1.11,1.02,1.01,0.98,1.14,1.55,3.30,3.52,4.91,5.11,4.53,3.74,2.71,2.39,2.12,2.37,2.52,3.40,5.79,8.10,4.12,5.61,2.78,1.49,1.14,1.14,1.17,1.11,1.16,1.22,1.25,1.52,1.83,1.95,1.80,1.83,1.99,2.46,2.81,2.14,1.86,2.00,1.93,1.85,1.73,1.57,1.38,1.19,1.20,1.24,1.14,1.22,1.29,1.14,1.47,1.75,2.19,2.73,2.89,2.57,2.16,2.00,2.10,2.02,1.91,1.90,2.00,1.85,1.60,1.40,1.27,1.35,1.24,1.33,1.42,1.40,1.48,1.61,1.69,1.79,1.74,1.57,1.54,1.57,1.43,1.35,1.29,1.34,1.39,1.48,1.64,1.59,1.63,1.58,1.47,1.32,1.39,1.42,1.40,1.44,+58.43,-0.93
L,17:50:00,17:54:34,0.06,0.07,0.08,0.08,0.05,0.04,0.03,0.03,0.03,0.03,0.04,0.04,0.04,0.04,0.03,0.03,0.04,0.04,0.04,0.04,0.04,0.04,0.04,0.04,0.05,0.05,0.06,0.06,0.06,0.06,0.10,0.09,0.08,0.07,0.06,0.06,0.05,0.05,0.05,0.05,0.05,0.05,0.05,0.04,0.04,0.04,0.04,0.04,0.04,0.04,0.04,0.04,0.04,0.04,0.05,0.05,0.05,0.05,0.06,0.07,0.06,0.06,0.06,0.05,0.05,0.04,0.04,0.05,0.05,0.04,0.04,0.04,0.04,0.05,0.05,0.06,0.06,0.07,0.07,0.06,0.06,0.07,0.07,0.08,0.09,0.09,0.09,0.09,0.09,0.08,0.07,0.06,0.06,0.05,0.05,0.04,0.04,0.05,0.05,0.05,0.05,0.05,0.05,0.05,0.05,0.05,0.06,0.07,0.06,0.06,0.05,0.05,0.05,0.05,0.05,0.05,0.05,0.05,0.05,0.05,0.05,0.06,0.06,0.06,0.06,0.05,0.05,0.05,0.05,0.05,0.05,0.05,0.05,0.05,0.05,0.05,0.05,0.05,0.05,0.05,0.05,0.05,0.05,0.05,0.05,+60.09,-2.52
R,17:50:00,17:54:34,0.39,0.45,0.72,1.08,0.71,0.40,0.35,0.31,0.31,0.34,0.46,0.51,0.48,0.41,0.51,0.47,0.50,0.43,0.58,0.56,0.61,0.58,0.62,0.68,0.65,0.81,0.77,0.80,0.76,0.77,1.02,1.03,0.97,0.81,0.65,0.67,0.62,0.52,0.57,0.55,0.53,0.53,0.45,0.43,0.32,0.60,0.47,0.52,0.57,0.58,0.52,0.48,0.52,0.45,0.42,0.53,0.45,0.46,0.46,0.58,0.53,0.53,0.57,0.45,0.46,0.41,0.47,0.45,0.48,0.42,0.40,0.36,0.22,0.31,0.37,0.42,0.47,0.56,0.52,0.51,0.52,0.48,0.50,0.56,0.61,0.65,0.70,0.63,0.60,0.53,0.46,0.46,0.46,0.42,0.39,0.29,0.37,0.39,0.45,0.48,0.46,0.39,0.42,0.35,0.42,0.26,0.37,0.47,0.40,0.37,0.40,0.41,0.41,0.46,0.45,0.32,0.40,0.25,0.25,0.24,0.34,0.35,0.41,0.37,0.37,0.35,0.34,0.32,0.35,0.40,0.35,0.35,0.42,0.43,0.45,0.68,0.41,0.37,0.40,0.51,0.50,0.30,0.35,0.39,0.39,+60.09,-2.52
L,18:00:00,18:04:34,0.03,0.04,0.03,0.03,0.03,0.03,0.02,0.03,0.03,0.03,0.03,0.03,0.03,0.03,0.02,0.02,0.02,0.02,0.02,0.02,0.02,0.02,0.03,0.02,0.03,0.03,0.03,0.03,0.03,0.03,0.04,0.04,0.03,0.03,0.03,0.03,0.03,0.03,0.03,0.03,0.03,0.03,0.03,0.03,0.03,0.03,0.03,0.03,0.03,0.03,0.03,0.03,0.03,0.03,0.02,0.03,0.03,0.03,0.03,0.04,0.03,0.03,0.03,0.03,0.03,0.03,0.03,0.03,0.03,0.03,0.03,0.03,0.03,0.03,0.03,0.03,0.03,0.03,0.03,0.03,0.03,0.03,0.03,0.03,0.03,0.03,0.03,0.03,0.03,0.03,0.03,0.03,0.03,0.03,0.03,0.03,0.03,0.03,0.03,0.03,0.03,0.03,0.03,0.03,0.03,0.03,0.03,0.03,0.03,0.03,0.03,0.03,0.04,0.03,0.03,0.03,0.03,0.03,0.03,0.03,0.03,0.03,0.03,0.03,0.03,0.03,0.03,0.03,0.03,0.03,0.03,0.03,0.03,0.03,0.03,0.03,0.03,0.03,0.03,0.03,0.03,0.03,0.03,0.03,0.03,+61.72,-4.13
R,18:00:00,18:04:34,0.09,0.14,0.15,0.20,0.02,0.10,0.05,0.15,0.21,0.16,0.31,0.29,0.34,0.35,0.35,0.35,0.36,0.39,0.36,0.36,0.41,0.37,0.50,0.55,0.42,0.51,0.45,0.43,0.40,0.39,0.53,0.43,0.42,0.45,0.41,0.42,0.42,0.47,0.30,0.32,0.20,0.30,0.26,0.25,0.24,0.34,0.32,0.30,0.26,0.34,0.25,0.19,0.29,0.26,0.19,0.17,0.20,0.14,0.17,0.24,0.10,0.10,0.19,0.14,0.12,0.25,0.30,0.31,0.30,0.20,0.21,0.27,0.14,0.14,0.09,0.06,0.20,0.11,0.12,0.07,0.05,0.07,0.00,0.07,0.09,0.00,0.12,0.01,0.04,0.05,0.05,0.16,0.12,0.09,0.10,0.07,0.16,0.20,0.19,0.21,0.22,0.32,0.39,0.26,0.22,0.14,0.11,0.11,0.10,0.19,0.12,0.27,0.25,0.16,0.12,0.14,0.24,0.01,0.09,0.11,0.01,0.17,0.15,0.14,0.11,0.19,0.16,0.05,0.12,0.14,0.17,0.07,0.17,0.25,0.19,0.36,0.17,0.17,0.06,0.20,0.20,0.16,0.11,0.10,0.11,+61.72,-4.13
L,18:10:00,18:14:34,0.02,0.02,0.02,0.02,0.02,0.03,0.02,0.02,0.02,0.02,0.02,0.02,0.02,0.02,0.02,0.02,0.02,0.02,0.02,0.02,0.02,0.02,0.02,0.02,0.02,0.02,0.02,0.02,0.02,0.02,0.02,0.02,0.02,0.02,0.02,0.02,0.02,0.02,0.02,0.02,0.02,0.02,0.02,0.02,0.02,0.02,0.02,0.02,0.02,0.02,0.02,0.02,0.02,0.02,0.02,0.02,0.02,0.02,0.02,0.02,0.02,0.02,0.02,0.02,0.02,0.02,0.02,0.02,0.02,0.02,0.02,0.02,0.02,0.02,0.02,0.02,0.02,0.02,0.02,0.02,0.02,0.02,0.02,0.02,0.02,0.02,0.02,0.02,0.02,0.02,0.02,0.02,0.02,0.02,0.02,0.02,0.02,0.02,0.02,0.02,0.02,0.02,0.02,0.02,0.02,0.02,0.02,0.02,0.02,0.02,0.02,0.02,0.02,0.02,0.02,0.02,0.02,0.02,0.02,0.02,0.02,0.02,0.02,0.02,0.02,0.02,0.02,0.02,0.02,0.02,0.02,0.02,0.02,0.02,0.02,0.02,0.02,0.02,0.02,0.02,0.02,0.02,0.02,0.02,0.02,+63.33,-5.77
R,18:10:00,18:14:34,0.26,0.34,0.24,0.37,0.37,0.48,0.31,0.40,0.46,0.48,0.48,0.47,0.58,0.52,0.60,0.60,0.62,0.67,0.67,0.73,0.80,0.68,0.80,0.75,0.73,0.76,0.70,0.75,0.73,0.70,0.63,0.70,0.63,0.56,0.68,0.61,0.61,0.67,0.62,0.57,0.60,0.58,0.51,0.51,0.46,0.48,0.53,0.56,0.52,0.51,0.51,0.53,0.61,0.51,0.47,0.53,0.53,0.40,0.39,0.46,0.46,0.41,0.41,0.48,0.47,0.51,0.53,0.50,0.45,0.43,0.43,0.57,0.36,0.42,0.29,0.32,0.36,0.31,0.46,0.52,0.37,0.22,0.32,0.35,0.31,0.24,0.31,0.37,0.34,0.26,0.31,0.34,0.25,0.32,0.27,0.25,0.43,0.40,0.32,0.31,0.32,0.40,0.50,0.36,0.34,0.29,0.32,0.32,0.35,0.39,0.40,0.26,0.30,0.34,0.36,0.53,0.37,0.26,0.34,0.31,0.22,0.30,0.37,0.22,0.24,0.37,0.26,0.34,0.35,0.31,0.31,0.26,0.25,0.37,0.35,0.27,0.35,0.26,0.24,0.45,0.51,0.20,0.39,0.31,0.37,+63.33,-5.77
L,18:20:00,18:24:34,0.02,0.02,0.02,0.02,0.02,0.02,0.02,0.02,0.02,0.02,0.02,0.02,0.02,0.02,0.02,0.02,0.02,0.02,0.02,0.02,0.02,0.02,0.02,0.02,0.02,0.02,0.02,0.02,0.02,0.02,0.02,0.02,0.02,0.02,0.02,0.02,0.02,0.02,0.02,0.02,0.02,0.02,0.02,0.02,0.02,0.02,0.02,0.02,0.02,0.02,0.02,0.02,0.02,0.02,0.02,0.02,0.02,0.02,0.02,0.02,0.02,0.02,0.02,0.02,0.02,0.02,0.02,0.02,0.02,0.02,0.02,0.02,0.02,0.02,0.02,0.02,0.02,0.02,0.02,0.02,0.02,0.02,0.02,0.02,0.02,0.02,0.02,0.02,0.02,0.02,0.02,0.02,0.02,0.02,0.02,0.02,0.02,0.02,0.02,0.02,0.02,0.02,0.02,0.02,0.02,0.02,0.02,0.02,0.02,0.02,0.02,0.02,0.02,0.02,0.02,0.02,0.02,0.02,0.02,0.02,0.02,0.02,0.02,0.02,0.02,0.02,0.02,0.02,0.02,0.02,0.02,0.02,0.02,0.02,0.02,0.02,0.02,0.02,0.02,0.02,0.02,0.02,0.02,0.02,0.02,+64.92,-7.43
R,18:20:00,18:24:34,0.19,0.17,0.26,0.27,0.30,0.30,0.35,0.42,0.27,0.34,0.35,0.40,0.40,0.46,0.48,0.50,0.53,0.53,0.53,0.58,0.57,0.53,0.60,0.56,0.56,0.65,0.66,0.51,0.51,0.50,0.48,0.63,0.52,0.43,0.51,0.58,0.55,0.53,0.58,0.46,0.50,0.48,0.46,0.37,0.45,0.41,0.45,0.45,0.46,0.50,0.29,0.32,0.41,0.42,0.24,0.31,0.34,0.26,0.22,0.31,0.30,0.17,0.31,0.29,0.24,0.30,0.27,0.27,0.34,0.24,0.25,0.27,0.11,0.17,0.15,0.22,0.14,0.15,0.17,0.20,0.25,0.07,0.09,0.12,0.10,0.09,0.19,0.15,0.15,0.19,0.12,0.16,0.19,0.12,0.05,0.04,0.26,0.29,0.10,0.17,0.17,0.14,0.20,0.11,0.17,0.05,0.07,0.05,0.11,0.10,0.09,0.29,0.16,0.17,0.09,0.15,0.17,0.11,0.17,0.17,0.10,0.14,0.07,0.07,0.05,0.21,0.09,0.06,0.15,0.14,0.02,0.10,0.02,0.15,0.12,0.22,0.20,0.14,0.07,0.14,0.16,0.10,0.09,0.11,0.11,+64.92,-7.43
L,18:30:00,18:34:34,0.02,0.01,0.02,0.02,0.02,0.02,0.02,0.02,0.02,0.02,0.02,0.02,0.02,0.02,0.02,0.01,0.02,0.01,0.02,0.02,0.02,0.01,0.02,0.02,0.02,0.02,0.02,0.01,0.02,0.02,0.02,0.02,0.01,0.02,0.01,0.02,0.02,0.02,0.02,0.02,0.02,0.02,0.02,0.02,0.02,0.02,0.02,0.02,0.02,0.02,0.01,0.02,0.02,0.02,0.02,0.02,0.02,0.02,0.02,0.02,0.02,0.02,0.02,0.02,0.02,0.02,0.02,0.02,0.02,0.02,0.02,0.02,0.02,0.02,0.02,0.01,0.02,0.02,0.02,0.02,0.02,0.02,0.01,0.02,0.02,0.02,0.02,0.02,0.01,0.02,0.01,0.02,0.02,0.02,0.02,0.02,0.01,0.02,0.02,0.02,0.02,0.02,0.01,0.01,0.02,0.01,0.02,0.02,0.02,0.02,0.02,0.02,0.02,0.02,0.02,0.02,0.02,0.02,0.02,0.02,0.02,0.02,0.02,0.02,0.02,0.02,0.02,0.02,0.02,0.02,0.02,0.02,0.02,0.02,0.02,0.01,0.02,0.02,0.02,0.01,0.01,0.01,0.02,0.02,0.02,+66.49,-9.12
R,18:30:00,18:34:34,-0.04,0.04,-0.10,0.05,-0.01,0.01,0.12,0.11,0.22,0.16,0.21,0.24,0.26,0.37,0.24,0.26,0.26,0.41,0.43,0.43,0.40,0.56,0.42,0.42,0.34,0.24,0.21,0.20,0.29,0.43,0.43,0.30,0.36,0.29,0.42,0.26,0.41,0.17,0.22,0.34,0.36,0.35,0.24,0.27,0.27,0.32,0.29,0.19,0.30,0.21,0.29,0.35,0.31,0.07,0.15,0.29,0.26,0.04,0.12,0.05,0.21,0.06,0.12,0.15,0.14,0.06,0.10,0.10,-0.02,0.11,0.11,0.16,0.01,0.04,0.07,0.11,0.07,0.04,0.05,0.05,0.02,0.14,-0.01,0.04,0.19,0.06,0.11,0.06,0.09,0.17,0.12,0.10,0.06,0.04,0.14,0.06,0.15,0.06,0.17,0.15,0.04,0.10,0.16,0.04,0.07,0.10,-0.04,0.02,-0.04,0.05,0.04,0.11,0.07,-0.05,0.02,0.05,0.00,-0.01,0.01,0.09,-0.02,0.09,0.00,0.00,0.07,-0.04,0.01,-0.06,-0.05,-0.01,-0.09,-0.17,-0.24,-0.06,-0.12,0.10,-0.07,-0.01,-0.17,0.01,-0.11,-0.20,-0.16,-0.17,-0.15,+66.49,-9.12
L,18:40:00,18:44:34,0.02,0.02,0.02,0.02,0.02,0.02,0.02,0.02,0.02,0.02,0.02,0.02,0.02,0.02,0.02,0.02,0.02,0.02,0.02,0.02,0.02,0.02,0.02,0.02,0.02,0.02,0.02,0.02,0.02,0.02,0.02,0.02,0.02,0.02,0.02,0.02,0.02,0.02,0.02,0.01,0.02,0.02,0.02,0.01,0.02,0.01,0.02,0.01,0.02,0.02,0.02,0.02,0.02,0.02,0.01,0.02,0.01,0.02,0.02,0.02,0.02,0.02,0.02,0.02,0.02,0.02,0.02,0.02,0.02,0.02,0.02,0.02,0.02,0.02,0.02,0.02,0.02,0.02,0.02,0.02,0.02,0.02,0.02,0.02,0.02,0.02,0.02,0.02,0.02,0.02,0.02,0.02,0.02,0.02,0.02,0.02,0.02,0.02,0.02,0.02,0.01,0.02,0.02,0.02,0.02,0.02,0.02,0.02,0.02,0.02,0.02,0.02,0.02,0.02,0.02,0.02,0.02,0.02,0.02,0.02,0.02,0.02,0.02,0.02,0.02,0.02,0.02,0.02,0.02,0.02,0.02,0.02,0.02,0.02,0.02,0.02,0.02,0.02,0.02,0.02,0.02,0.02,0.02,0.02,0.02,+68.05,-10.82
R,18:40:00,18:44:34,-0.27,-0.25,-0.21,-0.25,-0.21,-0.09,-0.11,-0.09,-0.06,-0.06,-0.04,-0.10,-0.06,-0.04,-0.02,-0.04,0.06,0.10,-0.01,0.06,0.11,0.16,0.06,0.12,0.11,0.00,0.01,0.05,0.11,0.09,0.07,-0.04,0.04,0.01,-0.01,0.04,-0.04,0.00,-0.12,-0.09,-0.04,-0.11,-0.09,-0.11,-0.16,-0.20,-0.10,-0.06,-0.07,-0.02,-0.19,-0.16,-0.06,-0.16,-0.31,-0.22,-0.21,-0.29,-0.26,-0.27,-0.26,-0.30,-0.29,-0.12,-0.22,-0.20,-0.22,-0.31,-0.32,-0.37,-0.31,-0.22,-0.39,-0.34,-0.40,-0.29,-0.39,-0.37,-0.39,-0.37,-0.35,-0.36,-0.42,-0.37,-0.34,-0.42,-0.39,-0.36,-0.35,-0.37,-0.42,-0.35,-0.30,-0.36,-0.40,-0.37,-0.25,-0.32,-0.39,-0.31,-0.26,-0.39,-0.30,-0.37,-0.37,-0.39,-0.41,-0.36,-0.39,-0.36,-0.29,-0.30,-0.31,-0.31,-0.32,-0.25,-0.26,-0.39,-0.39,-0.41,-0.35,-0.40,-0.32,-0.39,-0.39,-0.36,-0.36,-0.41,-0.37,-0.31,-0.32,-0.36,-0.22,-0.29,-0.29,-0.05,-0.29,-0.37,-0.46,-0.24,-0.21,-0.41,-0.39,-0.27,-0.31,+68.05,-10.82
L,18:50:00,18:54:34,0.02,0.02,0.02,0.02,0.02,0.02,0.02,0.02,0.02,0.02,0.02,0.02,0.02,0.02,0.02,0.02,0.02,0.02,0.02,0.02,0.02,0.02,0.02,0.02,0.02,0.02,0.02,0.02,0.02,0.02,0.02,0.02,0.02,0.02,0.02,0.02,0.02,0.02,0.02,0.02,0.02,0.02,0.02,0.02,0.02,0.02,0.02,0.02,0.02,0.02,0.02,0.02,0.02,0.02,0.02,0.02,0.02,0.02,0.02,0.02,0.02,0.02,0.02,0.02,0.02,0.02,0.02,0.02,0.02,0.02,0.02,0.02,0.02,0.02,0.02,0.02,0.02,0.02,0.02,0.02,0.02,0.02,0.02,0.02,0.02,0.02,0.02,0.02,0.02,0.02,0.02,0.02,0.02,0.02,0.02,0.02,0.02,0.02,0.02,0.02,0.02,0.02,0.02,0.02,0.02,0.02,0.02,0.02,0.02,0.02,0.02,0.02,0.02,0.02,0.02,0.02,0.02,0.02,0.02,0.02,0.02,0.02,0.02,0.02,0.02,0.02,0.02,0.02,0.02,0.02,0.02,0.02,0.02,0.02,0.02,0.02,0.02,0.02,0.02,0.02,0.02,0.02,0.02,0.02,0.02,+69.60,-12.54
R,18:50:00,18:54:34,-0.09,-0.17,-0.14,-0.11,-0.20,-0.17,-0.05,0.00,-0.04,-0.05,-0.04,0.10,0.15,0.12,0.11,0.12,0.19,0.12,0.15,0.16,0.30,0.21,0.19,0.26,0.19,0.19,0.14,0.10,0.06,0.02,0.11,0.04,0.01,0.02,-0.05,0.00,-0.07,-0.07,-0.10,-0.12,-0.26,-0.27,-0.20,-0.31,-0.25,-0.29,-0.29,-0.35,-0.29,-0.36,-0.36,-0.37,-0.42,-0.42,-0.42,-0.50,-0.51,-0.56,-0.61,-0.58,-0.56,-0.58,-0.61,-0.55,-0.58,-0.58,-0.67,-0.63,-0.71,-0.80,-0.70,-0.83,-0.91,-0.88,-0.81,-0.78,-0.87,-0.81,-0.96,-0.91,-0.91,-1.01,-0.93,-1.01,-0.99,-0.99,-1.06,-1.11,-1.12,-1.14,-1.20,-1.09,-1.14,-1.20,-1.23,-1.28,-1.22,-1.23,-1.30,-1.22,-1.14,-1.24,-1.19,-1.27,-1.32,-1.43,-1.50,-1.38,-1.45,-1.50,-1.52,-1.20,-1.34,-1.42,-1.39,-1.45,-1.54,-1.59,-1.58,-1.65,-1.54,-1.53,-1.57,-1.57,-1.59,-1.59,-1.58,-1.65,-1.61,-1.68,-1.69,-1.73,-1.66,-1.60,-1.63,-1.58,-1.76,-1.75,-1.80,-1.75,-1.75,-1.81,-1.83,-1.79,-1.80,+69.60,-12.54
L,19:00:00,19:04:34,0.02,0.02,0.01,0.02,0.02,0.02,0.02,0.02,0.02,0.02,0.02,0.02,0.02,0.02,0.02,0.02,0.02,0.02,0.02,0.02,0.02,0.02,0.02,0.02,0.02,0.02,0.02,0.02,0.02,0.02,0.02,0.02,0.02,0.02,0.02,0.02,0.02,0.02,0.02,0.02,0.02,0.02,0.02,0.02,0.02,0.02,0.02,0.02,0.02,0.02,0.02,0.02,0.02,0.02,0.02,0.02,0.02,0.02,0.02,0.02,0.02,0.02,0.02,0.02,0.02,0.02,0.02,0.02,0.02,0.02,0.02,0.02,0.02,0.02,0.02,0.02,0.02,0.02,0.02,0.02,0.02,0.02,0.02,0.02,0.02,0.02,0.02,0.02,0.02,0.02,0.02,0.02,0.02,0.02,0.02,0.02,0.02,0.01,0.02,0.02,0.02,0.02,0.02,0.01,0.02,0.02,0.02,0.02,0.02,0.02,0.02,0.02,0.02,0.02,0.02,0.02,0.02,0.02,0.02,0.02,0.02,0.02,0.02,0.02,0.02,0.02,0.02,0.02,0.02,0.02,0.02,0.02,0.02,0.02,0.02,0.02,0.02,0.02,0.02,0.02,0.02,0.02,0.02,0.02,0.02,+71.13,-14.28
R,19:00:00,19:04:34,-0.20,-0.20,-0.05,-0.10,0.02,-0.05,-0.02,0.02,0.06,0.10,0.16,0.12,0.17,0.24,0.25,0.32,0.31,0.29,0.39,0.39,0.37,0.39,0.42,0.47,0.43,0.46,0.35,0.34,0.40,0.36,0.31,0.41,0.27,0.35,0.36,0.29,0.30,0.35,0.24,0.30,0.26,0.24,0.14,0.19,0.24,0.20,0.26,0.16,0.26,0.26,0.22,0.22,0.17,0.21,0.07,0.17,0.15,0.02,0.07,0.15,0.14,0.09,0.11,0.09,0.11,0.07,0.15,0.22,0.16,0.07,0.01,0.07,-0.04,0.02,0.00,0.06,0.10,0.10,0.10,0.07,0.06,-0.01,0.02,-0.01,0.06,-0.01,0.00,-0.06,0.01,-0.02,0.01,0.06,-0.07,0.01,-0.07,-0.06,0.01,-0.05,-0.02,0.09,0.11,-0.01,0.04,-0.02,0.00,-0.01,-0.01,0.02,-0.04,-0.06,0.04,0.01,0.07,0.10,0.02,0.01,0.07,-0.09,-0.04,0.04,0.05,-0.01,-0.01,0.04,0.04,0.01,0.05,0.06,-0.05,0.02,0.01,-0.05,0.05,0.04,0.01,0.19,-0.02,-0.07,0.00,0.02,0.04,-0.09,-0.11,-0.05,-0.10,+71.13,-14.28
L,19:10:00,19:14:34,0.02,0.02,0.02,0.02,0.02,0.02,0.02,0.02,0.02,0.02,0.02,0.02,0.02,0.02,0.02,0.02,0.02,0.02,0.02,0.02,0.02,0.02,0.02,0.02,0.02,0.02,0.02,0.02,0.02,0.02,0.02,0.02,0.02,0.02,0.02,0.02,0.02,0.02,0.02,0.02,0.02,0.02,0.02,0.02,0.02,0.02,0.02,0.02,0.02,0.02,0.02,0.02,0.02,0.02,0.02,0.02,0.02,0.02,0.02,0.02,0.02,0.02,0.02,0.02,0.02,0.02,0.02,0.02,0.02,0.02,0.02,0.02,0.02,0.02,0.02,0.02,0.02,0.02,0.02,0.02,0.02,0.02,0.02,0.02,0.02,0.02,0.02,0.02,0.02,0.02,0.02,0.02,0.02,0.02,0.02,0.02,0.02,0.02,0.02,0.02,0.02,0.02,0.02,0.02,0.02,0.02,0.02,0.02,0.02,0.02,0.02,0.02,0.02,0.02,0.02,0.02,0.02,0.02,0.02,0.02,0.02,0.02,0.02,0.02,0.02,0.02,0.02,0.02,0.02,0.02,0.02,0.02,0.02,0.02,0.02,0.02,0.02,0.02,0.02,0.02,0.02,0.02,0.02,0.02,0.02,+72.66,-16.04
R,19:10:00,19:14:34,-0.10,-0.07,-0.07,-0.06,0.05,-0.02,0.01,0.06,-0.04,0.07,0.04,0.16,0.14,0.12,0.17,0.16,0.22,0.26,0.26,0.39,0.31,0.34,0.27,0.22,0.22,0.27,0.17,0.14,0.19,0.14,0.09,0.12,0.09,0.11,0.15,0.11,0.04,0.07,0.02,0.07,0.04,0.00,-0.09,-0.12,-0.05,-0.07,-0.16,-0.12,-0.12,-0.10,-0.15,-0.19,-0.26,-0.26,-0.22,-0.29,-0.27,-0.29,-0.31,-0.32,-0.32,-0.37,-0.31,-0.35,-0.36,-0.34,-0.31,-0.35,-0.52,-0.53,-0.55,-0.48,-0.48,-0.55,-0.52,-0.51,-0.47,-0.43,-0.41,-0.47,-0.46,-0.56,-0.56,-0.50,-0.51,-0.57,-0.52,-0.48,-0.52,-0.56,-0.55,-0.56,-0.60,-0.63,-0.66,-0.66,-0.58,-0.57,-0.60,-0.50,-0.56,-0.57,-0.40,-0.43,-0.58,-0.56,-0.67,-0.60,-0.56,-0.60,-0.63,-0.53,-0.61,-0.52,-0.58,-0.56,-0.57,-0.68,-0.58,-0.55,-0.55,-0.60,-0.61,-0.55,-0.55,-0.52,-0.52,-0.60,-0.61,-0.53,-0.53,-0.61,-0.55,-0.55,-0.55,-0.27,-0.50,-0.56,-0.56,-0.32,-0.41,-0.55,-0.46,-0.55,-0.51,+72.66,-16.04
L,19:20:00,19:24:34,0.02,0.02,0.02,0.02,0.02,0.02,0.02,0.02,0.02,0.02,0.02,0.02,0.02,0.02,0.02,0.02,0.02,0.02,0.02,0.02,0.02,0.02,0.02,0.01,0.01,0.02,0.02,0.02,0.02,0.01,0.02,0.02,0.02,0.02,0.02,0.02,0.02,0.02,0.02,0.02,0.02,0.02,0.02,0.02,0.02,0.02,0.02,0.02,0.02,0.02,0.02,0.02,0.02,0.02,0.02,0.02,0.02,0.02,0.02,0.02,0.02,0.02,0.02,0.02,0.02,0.02,0.02,0.02,0.02,0.02,0.02,0.02,0.02,0.02,0.02,0.02,0.02,0.02,0.02,0.02,0.02,0.02,0.02,0.02,0.02,0.02,0.02,0.02,0.02,0.02,0.02,0.02,0.02,0.02,0.02,0.02,0.02,0.02,0.02,0.02,0.02,0.01,0.02,0.02,0.02,0.02,0.02,0.02,0.02,0.02,0.02,0.01,0.02,0.02,0.02,0.02,0.02,0.02,0.02,0.02,0.02,0.02,0.02,0.02,0.02,0.02,0.02,0.02,0.02,0.02,0.02,0.02,0.02,0.02,0.02,0.02,0.02,0.02,0.02,0.02,0.02,0.02,0.02,0.02,0.02,+74.19,-17.81
R,19:20:00,19:24:34,-0.06,-0.09,0.05,0.00,0.06,0.14,0.06,0.17,0.11,0.19,0.27,0.24,0.21,0.30,0.30,0.37,0.35,0.35,0.42,0.47,0.46,0.53,0.48,0.46,0.42,0.37,0.37,0.29,0.30,0.29,0.24,0.31,0.31,0.29,0.34,0.30,0.32,0.25,0.24,0.29,0.24,0.17,0.17,0.12,0.15,0.16,0.12,0.12,0.20,0.20,0.12,0.07,0.14,0.12,0.02,0.11,0.04,0.01,-0.04,-0.05,-0.05,-0.10,-0.04,-0.02,-0.02,-0.02,-0.02,0.00,0.04,-0.10,-0.12,-0.06,-0.19,-0.26,-0.19,-0.16,-0.17,-0.12,-0.11,-0.24,-0.19,-0.22,-0.20,-0.20,-0.21,-0.27,-0.21,-0.17,-0.25,-0.25,-0.19,-0.25,-0.31,-0.34,-0.30,-0.39,-0.21,-0.25,-0.39,-0.25,-0.26,-0.27,-0.31,-0.30,-0.27,-0.29,-0.39,-0.34,-0.37,-0.43,-0.41,-0.42,-0.30,-0.37,-0.32,-0.32,-0.32,-0.43,-0.47,-0.47,-0.31,-0.40,-0.42,-0.39,-0.40,-0.41,-0.42,-0.41,-0.51,-0.45,-0.48,-0.51,-0.46,-0.37,-0.46,-0.42,-0.51,-0.57,-0.57,-0.43,-0.45,-0.53,-0.53,-0.51,-0.51,+74.19,-17.81
L,19:30:00,19:34:34,0.02,0.02,0.02,0.02,0.02,0.02,0.02,0.02,0.02,0.02,0.02,0.02,0.02,0.02,0.02,0.02,0.02,0.02,0.02,0.02,0.02,0.02,0.02,0.02,0.02,0.02,0.01,0.02,0.02,0.02,0.01,0.02,0.02,0.02,0.02,0.02,0.02,0.02,0.02,0.02,0.02,0.02,0.02,0.02,0.02,0.02,0.02,0.02,0.01,0.02,0.02,0.02,0.02,0.02,0.02,0.02,0.02,0.02,0.02,0.02,0.02,0.02,0.02,0.02,0.02,0.02,0.02,0.02,0.02,0.02,0.02,0.02,0.02,0.02,0.02,0.02,0.02,0.02,0.02,0.02,0.02,0.02,0.02,0.02,0.02,0.02,0.02,0.02,0.02,0.02,0.02,0.02,0.02,0.02,0.01,0.02,0.02,0.02,0.02,0.02,0.02,0.02,0.02,0.02,0.02,0.02,0.02,0.02,0.02,0.02,0.02,0.02,0.02,0.02,0.02,0.02,0.02,0.02,0.02,0.02,0.02,0.02,0.02,0.02,0.02,0.02,0.02,0.02,0.02,0.02,0.02,0.02,0.02,0.02,0.02,0.02,0.02,0.02,0.02,0.02,0.02,0.02,0.01,0.02,0.02,+75.71,-19.59
R,19:30:00,19:34:34,-0.11,-0.01,0.02,0.06,0.10,0.05,0.21,0.22,0.21,0.25,0.27,0.34,0.35,0.36,0.40,0.43,0.45,0.37,0.47,0.52,0.60,0.56,0.58,0.53,0.60,0.56,0.48,0.40,0.43,0.41,0.45,0.45,0.41,0.37,0.39,0.39,0.45,0.41,0.40,0.34,0.43,0.29,0.30,0.27,0.31,0.36,0.35,0.26,0.27,0.31,0.32,0.22,0.45,0.27,0.17,0.24,0.24,0.24,0.17,0.31,0.26,0.19,0.30,0.29,0.24,0.42,0.34,0.25,0.24,0.26,0.19,0.26,0.19,0.17,0.27,0.27,0.21,0.32,0.21,0.20,0.20,0.19,0.21,0.26,0.20,0.11,0.17,0.21,0.20,0.20,0.17,0.30,0.24,0.17,0.15,0.14,0.39,0.32,0.21,0.14,0.22,0.19,0.35,0.30,0.24,0.16,0.25,0.20,0.30,0.27,0.22,0.35,0.27,0.27,0.31,0.35,0.32,0.15,0.17,0.20,0.24,0.26,0.20,0.17,0.19,0.20,0.24,0.15,0.29,0.24,0.17,0.11,0.16,0.15,0.10,0.26,0.12,0.10,0.12,0.22,0.22,0.11,0.12,0.17,0.17,+75.71,-19.59
L,19:40:00,19:44:34,0.02,0.02,0.02,0.02,0.02,0.02,0.02,0.02,0.02,0.02,0.02,0.02,0.02,0.02,0.02,0.02,0.02,0.02,0.02,0.02,0.01,0.02,0.02,0.02,0.02,0.02,0.02,0.02,0.02,0.02,0.02,0.02,0.02,0.02,0.02,0.02,0.02,0.02,0.02,0.02,0.02,0.02,0.02,0.02,0.02,0.02,0.02,0.02,0.02,0.02,0.02,0.02,0.02,0.02,0.01,0.02,0.02,0.02,0.02,0.02,0.02,0.02,0.02,0.02,0.02,0.02,0.02,0.02,0.02,0.02,0.02,0.02,0.02,0.02,0.02,0.02,0.02,0.02,0.02,0.02,0.02,0.02,0.02,0.02,0.02,0.02,0.02,0.02,0.02,0.02,0.02,0.01,0.02,0.02,0.02,0.02,0.02,0.02,0.02,0.02,0.02,0.02,0.02,0.02,0.02,0.02,0.02,0.02,0.02,0.02,0.02,0.02,0.02,0.02,0.02,0.02,0.02,0.02,0.02,0.02,0.01,0.02,0.02,0.02,0.02,0.02,0.02,0.02,0.02,0.02,0.02,0.02,0.02,0.02,0.02,0.02,0.02,0.02,0.02,0.02,0.02,0.02,0.02,0.02,0.02,+77.23,-21.38
R,19:40:00,19:44:34,-0.14,-0.06,-0.06,-0.06,0.01,0.01,0.05,0.09,0.10,0.04,0.20,0.24,0.19,0.20,0.15,0.32,0.27,0.29,0.26,0.41,0.35,0.36,0.30,0.32,0.30,0.34,0.27,0.22,0.16,0.17,0.14,0.19,0.19,0.15,0.26,0.19,0.12,0.19,0.19,0.09,0.06,0.07,0.05,0.04,-0.06,-0.02,0.01,-0.11,-0.01,0.00,-0.06,-0.14,0.00,-0.05,-0.10,-0.07,-0.11,-0.14,-0.17,-0.24,-0.21,-0.21,-0.24,-0.16,-0.26,-0.24,-0.21,-0.20,-0.24,-0.27,-0.34,-0.36,-0.34,-0.43,-0.39,-0.37,-0.39,-0.35,-0.29,-0.41,-0.42,-0.45,-0.40,-0.46,-0.50,-0.50,-0.55,-0.42,-0.51,-0.43,-0.40,-0.48,-0.51,-0.45,-0.41,-0.53,-0.50,-0.57,-0.50,-0.45,-0.43,-0.39,-0.47,-0.48,-0.52,-0.50,-0.56,-0.50,-0.55,-0.60,-0.52,-0.43,-0.50,-0.43,-0.47,-0.46,-0.55,-0.61,-0.57,-0.60,-0.61,-0.58,-0.57,-0.63,-0.63,-0.71,-0.62,-0.67,-0.72,-0.70,-0.67,-0.78,-0.67,-0.60,-0.81,-0.63,-0.78,-0.82,-0.82,-0.83,-0.72,-0.84,-0.89,-0.91,-0.86,+77.23,-21.38
L,19:50:00,19:54:34,0.02,0.02,0.02,0.02,0.02,0.02,0.02,0.02,0.02,0.02,0.02,0.02,0.02,0.02,0.02,0.02,0.02,0.02,0.02,0.02,0.02,0.02,0.02,0.02,0.02,0.02,0.02,0.02,0.02,0.02,0.02,0.02,0.01,0.02,0.02,0.02,0.02,0.02,0.02,0.02,0.02,0.02,0.02,0.02,0.02,0.02,0.02,0.02,0.02,0.02,0.02,0.01,0.02,0.02,0.02,0.02,0.02,0.02,0.02,0.01,0.02,0.02,0.02,0.02,0.02,0.02,0.02,0.02,0.02,0.02,0.02,0.02,0.02,0.02,0.02,0.02,0.02,0.02,0.02,0.02,0.02,0.02,0.02,0.02,0.02,0.02,0.02,0.02,0.02,0.02,0.02,0.02,0.02,0.02,0.01,0.02,0.02,0.01,0.01,0.02,0.02,0.01,0.02,0.02,0.02,0.02,0.02,0.02,0.02,0.02,0.02,0.02,0.01,0.02,0.02,0.02,0.02,0.02,0.02,0.02,0.02,0.02,0.02,0.02,0.02,0.02,0.02,0.02,0.02,0.02,0.02,0.02,0.02,0.02,0.02,0.02,0.02,0.02,0.02,0.02,0.02,0.02,0.02,0.02,0.02,+78.76,-23.19
R,19:50:00,19:54:34,-0.01,-0.04,-0.01,0.09,0.02,0.00,-0.02,0.02,0.06,0.09,0.12,0.16,0.09,0.20,0.30,0.26,0.32,0.24,0.32,0.32,0.31,0.30,0.27,0.24,0.22,0.27,0.27,0.16,0.25,0.17,0.12,0.15,0.16,0.17,0.19,0.14,0.12,0.15,0.12,0.05,0.05,-0.02,0.00,-0.10,-0.06,-0.05,-0.05,-0.06,-0.07,-0.09,-0.07,-0.05,-0.12,-0.16,-0.17,-0.24,-0.26,-0.27,-0.30,-0.31,-0.29,-0.25,-0.29,-0.16,-0.20,-0.31,-0.15,-0.21,-0.26,-0.37,-0.31,-0.34,-0.48,-0.42,-0.45,-0.47,-0.40,-0.30,-0.42,-0.40,-0.53,-0.51,-0.51,-0.51,-0.48,-0.55,-0.53,-0.55,-0.52,-0.51,-0.51,-0.50,-0.58,-0.61,-0.55,-0.60,-0.56,-0.53,-0.58,-0.55,-0.46,-0.70,-0.65,-0.65,-0.63,-0.67,-0.67,-0.73,-0.62,-0.72,-0.70,-0.63,-0.67,-0.72,-0.63,-0.65,-0.66,-0.87,-0.73,-0.77,-0.84,-0.73,-0.81,-0.78,-0.80,-0.77,-0.83,-0.88,-0.82,-0.91,-0.81,-0.82,-0.77,-0.82,-0.83,-0.78,-0.88,-0.76,-0.87,-0.81,-0.80,-0.94,-0.93,-0.94,-0.98,+78.76,-23.19
L,20:00:00,20:04:34,0.02,0.02,0.02,0.02,0.02,0.01,0.02,0.02,0.02,0.02,0.02,0.01,0.02,0.02,0.02,0.01,0.02,0.02,0.02,0.02,0.02,0.02,0.02,0.02,0.02,0.02,0.01,0.02,0.02,0.02,0.02,0.02,0.02,0.02,0.02,0.02,0.02,0.02,0.02,0.01,0.02,0.02,0.02,0.02,0.02,0.02,0.02,0.02,0.02,0.02,0.02,0.01,0.02,0.02,0.02,0.02,0.02,0.01,0.02,0.01,0.02,0.02,0.02,0.02,0.02,0.02,0.02,0.02,0.02,0.02,0.02,0.02,0.02,0.02,0.02,0.02,0.02,0.02,0.02,0.02,0.02,0.02,0.02,0.02,0.02,0.02,0.02,0.02,0.02,0.02,0.02,0.01,0.02,0.02,0.02,0.02,0.02,0.01,0.02,0.02,0.01,0.02,0.02,0.02,0.02,0.02,0.02,0.02,0.02,0.02,0.02,0.01,0.02,0.02,0.02,0.02,0.02,0.02,0.01,0.02,0.02,0.02,0.02,0.02,0.02,0.02,0.02,0.02,0.02,0.02,0.02,0.02,0.02,0.02,0.02,0.02,0.02,0.02,0.02,0.02,0.02,0.02,0.02,0.02,0.02,+80.29,-25.01
R,20:00:00,20:04:34,-0.07,-0.06,-0.07,0.00,0.02,0.06,0.11,0.04,0.06,0.04,0.11,0.25,0.16,0.20,0.16,0.24,0.27,0.30,0.30,0.34,0.31,0.32,0.36,0.36,0.45,0.41,0.36,0.34,0.30,0.31,0.31,0.32,0.30,0.26,0.25,0.36,0.29,0.29,0.29,0.25,0.26,0.30,0.22,0.21,0.22,0.19,0.32,0.17,0.34,0.19,0.19,0.24,0.30,0.22,0.24,0.20,0.15,0.12,0.09,0.15,0.12,0.15,0.15,0.17,0.29,0.19,0.36,0.27,0.25,0.24,0.29,0.30,0.17,0.14,0.10,0.15,0.20,0.31,0.21,0.22,0.20,0.30,0.19,0.24,0.27,0.24,0.25,0.27,0.29,0.27,0.29,0.29,0.32,0.27,0.29,0.26,0.46,0.31,0.35,0.42,0.46,0.40,0.40,0.32,0.36,0.34,0.37,0.37,0.39,0.37,0.35,0.36,0.45,0.43,0.41,0.55,0.52,0.43,0.45,0.42,0.45,0.48,0.42,0.47,0.47,0.57,0.46,0.43,0.56,0.56,0.55,0.53,0.61,0.66,0.62,0.72,0.66,0.70,0.67,0.82,0.92,0.70,0.82,0.82,0.82,+80.29,-25.01
L,20:10:00,20:14:34,0.02,0.02,0.02,0.02,0.02,0.02,0.02,0.02,0.02,0.02,0.02,0.02,0.01,0.02,0.02,0.02,0.02,0.02,0.02,0.02,0.02,0.02,0.02,0.02,0.02,0.02,0.02,0.02,0.02,0.02,0.02,0.02,0.02,0.02,0.02,0.01,0.02,0.02,0.02,0.02,0.02,0.02,0.01,0.02,0.01,0.02,0.02,0.02,0.02,0.02,0.02,0.01,0.02,0.01,0.02,0.02,0.02,0.02,0.02,0.01,0.02,0.02,0.02,0.02,0.02,0.02,0.02,0.02,0.02,0.02,0.02,0.02,0.02,0.02,0.02,0.02,0.02,0.02,0.02,0.02,0.02,0.02,0.02,0.02,0.01,0.02,0.02,0.02,0.02,0.02,0.02,0.02,0.01,0.02,0.01,0.01,0.02,0.01,0.02,0.02,0.01,0.02,0.02,0.02,0.02,0.02,0.02,0.02,0.01,0.02,0.02,0.02,0.01,0.02,0.02,0.02,0.02,0.01,0.01,0.02,0.02,0.02,0.02,0.01,0.02,0.02,0.02,0.02,0.01,0.02,0.02,0.02,0.02,0.02,0.02,0.02,0.02,0.02,0.01,0.01,0.02,0.02,0.02,0.02,0.02,+81.84,-26.83
R,20:10:00,20:14:34,-0.07,-0.01,-0.11,-0.06,-0.01,-0.01,0.09,0.15,0.12,0.07,0.21,0.25,0.17,0.22,0.21,0.29,0.27,0.22,0.31,0.39,0.27,0.29,0.32,0.30,0.27,0.24,0.30,0.27,0.31,0.22,0.17,0.20,0.12,0.14,0.20,0.07,0.05,0.10,-0.02,-0.04,0.00,-0.06,-0.06,-0.07,-0.12,-0.09,-0.14,-0.07,-0.10,-0.12,-0.15,-0.10,-0.04,-0.24,-0.17,-0.35,-0.22,-0.35,-0.35,-0.37,-0.29,-0.29,-0.35,-0.24,-0.27,-0.35,-0.30,-0.24,-0.32,-0.39,-0.43,-0.39,-0.50,-0.35,-0.43,-0.42,-0.41,-0.46,-0.46,-0.46,-0.46,-0.42,-0.50,-0.46,-0.51,-0.48,-0.50,-0.46,-0.51,-0.53,-0.45,-0.50,-0.51,-0.53,-0.45,-0.53,-0.47,-0.46,-0.53,-0.46,-0.56,-0.45,-0.51,-0.51,-0.48,-0.53,-0.57,-0.53,-0.57,-0.61,-0.56,-0.43,-0.45,-0.46,-0.51,-0.52,-0.48,-0.71,-0.68,-0.63,-0.66,-0.67,-0.75,-0.80,-0.73,-0.72,-0.80,-0.72,-0.81,-0.75,-0.71,-0.81,-0.80,-0.76,-0.77,-0.71,-0.81,-0.87,-1.01,-0.89,-0.89,-0.96,-1.01,-1.01,-0.99,+81.84,-26.83
L,20:20:00,20:24:34,0.01,0.01,0.02,0.02,0.02,0.02,0.02,0.02,0.02,0.01,0.02,0.02,0.02,0.02,0.02,0.02,0.02,0.02,0.02,0.02,0.02,0.02,0.02,0.02,0.02,0.02,0.02,0.01,0.02,0.02,0.02,0.02,0.02,0.02,0.02,0.01,0.01,0.02,0.02,0.02,0.02,0.01,0.01,0.02,0.01,0.02,0.02,0.02,0.02,0.02,0.02,0.02,0.02,0.01,0.02,0.02,0.01,0.02,0.02,0.02,0.02,0.02,0.02,0.02,0.02,0.02,0.02,0.02,0.02,0.02,0.02,0.02,0.02,0.02,0.01,0.02,0.02,0.02,0.02,0.02,0.02,0.02,0.02,0.02,0.02,0.01,0.02,0.02,0.02,0.02,0.02,0.01,0.02,0.02,0.02,0.01,0.02,0.01,0.02,0.02,0.02,0.02,0.02,0.01,0.02,0.01,0.02,0.02,0.02,0.02,0.02,0.02,0.02,0.02,0.01,0.02,0.02,0.01,0.01,0.02,0.02,0.02,0.02,0.02,0.02,0.02,0.02,0.02,0.02,0.02,0.02,0.02,0.02,0.01,0.02,0.02,0.02,0.02,0.02,0.01,0.02,0.02,0.02,0.02,0.02,+83.40,-28.66
R,20:20:00,20:24:34,-0.09,-0.06,-0.06,-0.06,0.04,0.01,0.16,0.05,0.12,0.14,0.16,0.15,0.17,0.26,0.32,0.31,0.30,0.27,0.35,0.31,0.42,0.42,0.40,0.40,0.41,0.39,0.30,0.32,0.36,0.35,0.34,0.27,0.22,0.25,0.27,0.21,0.26,0.19,0.14,0.30,0.26,0.14,0.16,0.19,0.10,0.09,0.14,0.10,0.14,0.15,0.12,0.07,0.10,0.01,0.01,-0.07,-0.10,-0.11,-0.12,-0.10,-0.10,-0.12,-0.15,-0.09,-0.12,-0.09,-0.07,-0.04,0.02,-0.19,-0.02,-0.05,-0.24,-0.17,-0.25,-0.14,-0.14,-0.16,-0.19,-0.27,-0.29,-0.25,-0.27,-0.24,-0.30,-0.29,-0.21,-0.27,-0.32,-0.32,-0.30,-0.31,-0.35,-0.35,-0.43,-0.41,-0.30,-0.34,-0.41,-0.29,-0.34,-0.36,-0.35,-0.30,-0.34,-0.48,-0.53,-0.47,-0.48,-0.48,-0.50,-0.45,-0.47,-0.41,-0.40,-0.37,-0.42,-0.52,-0.57,-0.53,-0.56,-0.62,-0.60,-0.60,-0.57,-0.55,-0.55,-0.67,-0.66,-0.67,-0.65,-0.68,-0.62,-0.66,-0.62,-0.63,-0.76,-0.72,-0.78,-0.66,-0.61,-0.89,-0.83,-0.81,-0.84,+83.40,-28.66
L,20:30:00,20:34:34,0.02,0.02,0.01,0.01,0.02,0.02,0.01,0.02,0.02,0.02,0.02,0.01,0.02,0.02,0.02,0.02,0.02,0.02,0.02,0.02,0.01,0.02,0.02,0.02,0.02,0.02,0.02,0.02,0.02,0.02,0.02,0.02,0.02,0.02,0.02,0.02,0.02,0.01,0.02,0.02,0.02,0.02,0.01,0.02,0.02,0.02,0.02,0.02,0.01,0.02,0.02,0.01,0.02,0.01,0.02,0.01,0.02,0.02,0.02,0.02,0.02,0.02,0.02,0.02,0.02,0.02,0.01,0.02,0.02,0.02,0.02,0.01,0.02,0.02,0.01,0.02,0.02,0.01,0.02,0.02,0.02,0.02,0.02,0.02,0.01,0.01,0.01,0.02,0.02,0.02,0.02,0.02,0.02,0.02,0.02,0.01,0.02,0.02,0.02,0.01,0.01,0.02,0.02,0.02,0.01,0.02,0.01,0.01,0.02,0.02,0.02,0.02,0.02,0.02,0.01,0.02,0.02,0.01,0.01,0.02,0.02,0.02,0.02,0.02,0.02,0.02,0.02,0.01,0.02,0.02,0.01,0.02,0.02,0.02,0.02,0.02,0.02,0.02,0.02,0.02,0.01,0.01,0.01,0.02,0.02,+84.97,-30.50
R,20:30:00,20:34:34,0.01,0.05,0.04,0.09,0.19,0.19,0.20,0.30,0.25,0.25,0.29,0.37,0.41,0.45,0.46,0.51,0.52,0.50,0.58,0.65,0.65,0.66,0.56,0.66,0.68,0.71,0.68,0.65,0.62,0.62,0.62,0.56,0.63,0.60,0.65,0.60,0.66,0.61,0.61,0.58,0.62,0.56,0.67,0.57,0.63,0.61,0.61,0.62,0.57,0.65,0.66,0.68,0.72,0.65,0.66,0.60,0.66,0.58,0.53,0.58,0.57,0.62,0.67,0.70,0.71,0.76,0.73,0.77,0.75,0.70,0.72,0.78,0.71,0.67,0.70,0.67,0.75,0.75,0.70,0.72,0.75,0.70,0.71,0.75,0.75,0.77,0.76,0.77,0.80,0.76,0.77,0.72,0.80,0.71,0.78,0.78,0.87,0.68,0.72,0.73,0.81,0.86,0.87,0.77,0.75,0.71,0.66,0.67,0.67,0.63,0.71,0.71,0.75,0.68,0.81,0.72,0.71,0.61,0.55,0.63,0.61,0.53,0.53,0.56,0.52,0.58,0.53,0.55,0.50,0.46,0.45,0.46,0.47,0.61,0.46,0.50,0.42,0.34,0.31,0.40,0.36,0.26,0.16,0.21,0.17,+84.97,-30.50
L,20:40:00,20:44:33,0.02,0.02,0.02,0.02,0.02,0.01,0.01,0.02,0.02,0.02,0.02,0.02,0.02,0.02,0.01,0.02,0.02,0.01,0.02,0.02,0.02,0.01,0.02,0.01,0.02,0.02,0.02,0.02,0.02,0.01,0.01,0.02,0.02,0.01,0.01,0.02,0.01,0.01,0.02,0.02,0.01,0.01,0.01,0.01,0.02,0.02,0.02,0.02,0.02,0.02,0.01,0.01,0.02,0.01,0.01,0.02,0.01,0.01,0.02,0.02,0.02,0.01,0.02,0.02,0.02,0.01,0.02,0.01,0.01,0.02,0.02,0.02,0.02,0.02,0.02,0.02,0.01,0.02,0.01,0.02,0.02,0.02,0.02,0.01,0.02,0.02,0.02,0.01,0.02,0.02,0.01,0.01,0.02,0.02,0.02,0.02,0.01,0.02,0.02,0.01,0.01,0.01,0.02,0.01,0.02,0.01,0.01,0.02,0.02,0.01,0.02,0.02,0.02,0.01,0.01,0.02,0.02,0.02,0.02,0.01,0.02,0.02,0.01,0.01,0.01,0.02,0.02,0.02,0.02,0.02,0.02,0.02,0.02,0.01,0.01,0.02,0.01,0.01,0.01,0.01,0.02,0.01,0.02,0.02,0.01,+86.58,-32.34
R,20:40:00,20:44:33,-0.21,-0.12,-0.17,-0.20,-0.12,-0.12,-0.05,0.00,0.06,0.04,0.11,0.09,0.16,0.14,0.14,0.19,0.16,0.21,0.19,0.26,0.35,0.29,0.21,0.35,0.27,0.29,0.26,0.29,0.27,0.25,0.30,0.21,0.22,0.15,0.22,0.22,0.26,0.29,0.12,0.17,0.25,0.10,0.10,0.16,0.10,0.17,0.16,0.12,0.10,0.15,0.07,0.11,0.06,-0.02,0.05,-0.01,-0.04,-0.02,0.00,-0.11,-0.02,-0.10,0.00,0.04,-0.06,0.06,0.11,0.12,0.04,0.05,0.05,0.19,-0.05,-0.10,-0.06,-0.09,-0.09,0.01,-0.07,-0.06,-0.09,-0.02,-0.05,-0.01,-0.04,-0.11,-0.04,0.02,-0.09,0.01,-0.06,-0.09,-0.11,-0.07,-0.10,-0.07,0.10,0.04,-0.02,-0.01,0.02,0.02,0.04,0.04,0.04,0.00,-0.07,-0.10,-0.02,-0.06,-0.06,0.07,0.10,0.02,-0.05,-0.02,0.04,-0.04,0.00,0.01,-0.14,-0.04,0.09,-0.05,-0.04,-0.02,0.00,0.05,0.09,0.10,0.10,0.06,0.14,0.15,0.14,0.24,0.12,0.06,0.04,0.12,0.21,0.04,0.04,-0.01,-0.01,+86.58,-32.34
L,20:50:00,20:54:33,0.01,0.01,0.01,0.01,0.01,0.01,0.02,0.02,0.01,0.02,0.02,0.01,0.02,0.02,0.01,0.02,0.02,0.02,0.02,0.02,0.02,0.02,0.01,0.02,0.02,0.01,0.01,0.01,0.02,0.02,0.01,0.01,0.01,0.02,0.01,0.02,0.02,0.02,0.02,0.02,0.01,0.02,0.02,0.01,0.01,0.01,0.02,0.01,0.02,0.01,0.02,0.01,0.02,0.02,0.01,0.02,0.02,0.02,0.02,0.02,0.01,0.01,0.01,0.01,0.01,0.01,0.02,0.01,0.02,0.02,0.02,0.01,0.02,0.01,0.02,0.02,0.01,0.02,0.02,0.02,0.01,0.01,0.02,0.02,0.02,0.02,0.02,0.02,0.02,0.02,0.02,0.02,0.02,0.02,0.01,0.01,0.01,0.02,0.01,0.02,0.02,0.02,0.01,0.02,0.02,0.01,0.02,0.02,0.02,0.02,0.01,0.01,0.01,0.02,0.01,0.01,0.02,0.01,0.02,0.01,0.01,0.01,0.02,0.01,0.02,0.02,0.02,0.01,0.02,0.02,0.02,0.01,0.02,0.02,0.02,0.01,0.02,0.02,0.01,0.01,0.01,0.01,0.02,0.01,0.02,+88.20,-34.18
R,20:50:00,20:54:33,0.04,0.06,0.02,0.02,0.10,0.19,0.11,0.20,0.16,0.22,0.14,0.24,0.30,0.21,0.26,0.32,0.30,0.27,0.32,0.36,0.37,0.40,0.39,0.45,0.41,0.35,0.35,0.34,0.31,0.35,0.25,0.35,0.26,0.29,0.31,0.27,0.29,0.25,0.29,0.25,0.17,0.21,0.16,0.06,0.14,0.19,0.15,0.10,0.10,0.14,0.09,0.07,0.09,0.12,-0.01,0.02,-0.02,-0.05,-0.04,-0.10,-0.11,-0.12,-0.11,-0.09,-0.02,-0.06,-0.06,-0.15,-0.05,-0.12,-0.12,-0.05,-0.19,-0.16,-0.26,-0.24,-0.25,-0.21,-0.31,-0.26,-0.19,-0.25,-0.25,-0.26,-0.32,-0.31,-0.27,-0.19,-0.17,-0.21,-0.22,-0.24,-0.25,-0.30,-0.25,-0.34,-0.22,-0.27,-0.29,-0.22,-0.21,-0.14,-0.06,-0.11,-0.20,-0.21,-0.21,-0.29,-0.29,-0.26,-0.29,-0.26,-0.31,-0.27,-0.24,-0.30,-0.34,-0.45,-0.39,-0.30,-0.34,-0.30,-0.27,-0.32,-0.34,-0.24,-0.31,-0.37,-0.36,-0.27,-0.29,-0.32,-0.29,-0.17,-0.27,-0.24,-0.29,-0.24,-0.31,-0.17,-0.21,-0.30,-0.24,-0.34,-0.24,+88.20,-34.18
L,21:00:00,21:04:34,0.01,0.02,0.01,0.02,0.01,0.01,0.01,0.01,0.02,0.02,0.02,0.02,0.02,0.02,0.02,0.02,0.02,0.02,0.02,0.02,0.02,0.01,0.02,0.02,0.01,0.01,0.02,0.01,0.02,0.01,0.02,0.01,0.01,0.01,0.01,0.02,0.02,0.02,0.01,0.01,0.02,0.01,0.02,0.01,0.01,0.02,0.02,0.02,0.02,0.01,0.02,0.02,0.01,0.02,0.02,0.02,0.02,0.02,0.01,0.02,0.01,0.01,0.01,0.01,0.02,0.01,0.02,0.01,0.01,0.02,0.01,0.01,0.01,0.02,0.02,0.01,0.01,0.01,0.01,0.01,0.02,0.02,0.02,0.02,0.02,0.01,0.01,0.02,0.01,0.02,0.01,0.02,0.01,0.01,0.01,0.01,0.01,0.02,0.02,0.01,0.02,0.01,0.01,0.02,0.02,0.01,0.02,0.02,0.02,0.01,0.02,0.01,0.01,0.01,0.02,0.02,0.02,0.02,0.01,0.02,0.01,0.01,0.01,0.01,0.01,0.02,0.01,0.01,0.02,0.01,0.01,0.02,0.02,0.02,0.01,0.02,0.02,0.01,0.01,0.02,0.01,0.01,0.02,0.02,0.02,+89.87,-36.03
R,21:00:00,21:04:34,-0.14,-0.15,-0.12,-0.07,-0.06,-0.11,0.01,-0.04,0.00,-0.01,0.04,0.05,0.01,0.09,0.10,0.17,0.17,0.12,0.17,0.21,0.15,0.20,0.24,0.15,0.12,0.11,0.10,0.04,0.04,0.05,0.04,-0.04,-0.07,-0.12,-0.07,-0.07,-0.11,-0.07,-0.12,-0.16,-0.11,-0.20,-0.22,-0.22,-0.20,-0.20,-0.19,-0.30,-0.21,-0.25,-0.24,-0.34,-0.30,-0.31,-0.37,-0.41,-0.40,-0.43,-0.42,-0.51,-0.50,-0.55,-0.53,-0.50,-0.46,-0.48,-0.48,-0.45,-0.52,-0.47,-0.55,-0.41,-0.61,-0.63,-0.70,-0.65,-0.60,-0.68,-0.63,-0.73,-0.78,-0.76,-0.75,-0.73,-0.81,-0.80,-0.89,-0.82,-0.77,-0.80,-0.77,-0.80,-0.81,-0.87,-0.78,-0.83,-0.80,-0.73,-0.88,-0.82,-0.81,-0.75,-0.87,-0.77,-0.87,-0.81,-0.84,-0.96,-0.89,-0.94,-0.96,-0.82,-0.93,-0.84,-0.97,-0.89,-0.87,-0.93,-1.01,-0.92,-0.98,-1.02,-0.91,-0.97,-0.98,-1.01,-0.97,-1.03,-0.96,-0.98,-0.99,-1.04,-0.99,-0.94,-0.99,-0.96,-0.93,-1.01,-0.98,-0.83,-0.89,-1.02,-1.02,-1.01,-0.91,+89.87,-36.03
L,21:10:00,21:14:34,0.01,0.02,0.02,0.02,0.01,0.01,0.02,0.02,0.01,0.02,0.02,0.01,0.02,0.02,0.02,0.02,0.02,0.01,0.02,0.02,0.02,0.01,0.01,0.02,0.02,0.01,0.01,0.01,0.02,0.02,0.01,0.02,0.01,0.01,0.01,0.02,0.01,0.01,0.02,0.02,0.01,0.02,0.02,0.01,0.01,0.01,0.01,0.02,0.02,0.01,0.01,0.02,0.01,0.02,0.01,0.01,0.02,0.01,0.01,0.01,0.01,0.01,0.01,0.01,0.01,0.01,0.01,0.01,0.01,0.02,0.02,0.01,0.01,0.01,0.01,0.02,0.02,0.01,0.02,0.02,0.02,0.01,0.01,0.02,0.01,0.01,0.01,0.01,0.01,0.02,0.01,0.02,0.01,0.01,0.02,0.02,0.01,0.02,0.02,0.01,0.01,0.02,0.02,0.02,0.01,0.01,0.02,0.02,0.02,0.01,0.01,0.01,0.02,0.01,0.01,0.01,0.02,0.01,0.01,0.02,0.01,0.01,0.02,0.01,0.01,0.02,0.02,0.01,0.01,0.01,0.01,0.01,0.01,0.01,0.01,0.02,0.01,0.01,0.01,0.02,0.01,0.02,0.02,0.01,0.01,+91.57,-37.88
R,21:10:00,21:14:34,-0.10,-0.05,-0.09,0.00,0.01,0.06,0.12,0.17,0.17,0.14,0.17,0.29,0.25,0.26,0.32,0.30,0.30,0.34,0.36,0.35,0.39,0.40,0.41,0.47,0.36,0.43,0.31,0.32,0.32,0.41,0.37,0.36,0.36,0.31,0.31,0.32,0.35,0.41,0.36,0.34,0.39,0.36,0.32,0.40,0.27,0.37,0.34,0.35,0.25,0.35,0.26,0.25,0.31,0.26,0.14,0.24,0.24,0.14,0.15,0.14,0.12,0.11,0.09,0.15,0.21,0.22,0.20,0.24,0.26,0.21,0.19,0.21,0.11,0.12,0.10,0.09,0.12,0.19,0.10,-0.01,0.05,0.00,-0.01,-0.04,-0.09,0.04,0.00,-0.01,-0.01,0.00,0.00,0.00,0.04,-0.01,-0.04,-0.14,0.00,-0.02,-0.12,-0.12,0.01,-0.02,-0.04,-0.14,-0.10,-0.20,-0.21,-0.19,-0.20,-0.11,-0.17,-0.09,-0.06,-0.14,-0.11,-0.16,-0.05,-0.15,-0.19,-0.12,-0.19,-0.14,-0.12,-0.21,-0.14,-0.21,-0.24,-0.17,-0.12,-0.10,-0.06,-0.09,-0.01,0.00,0.00,0.09,-0.02,0.02,0.02,0.09,0.00,-0.05,0.02,0.06,0.07,+91.57,-37.88
L,21:20:00,21:24:34,0.01,0.01,0.02,0.01,0.01,0.01,0.01,0.01,0.02,0.01,0.01,0.02,0.02,0.02,0.02,0.02,0.02,0.02,0.01,0.02,0.02,0.01,0.01,0.02,0.02,0.01,0.02,0.02,0.01,0.01,0.01,0.01,0.02,0.02,0.01,0.01,0.01,0.02,0.01,0.01,0.02,0.01,0.02,0.02,0.01,0.02,0.01,0.01,0.01,0.01,0.01,0.02,0.01,0.01,0.02,0.01,0.01,0.02,0.01,0.01,0.01,0.01,0.01,0.01,0.01,0.01,0.01,0.01,0.02,0.02,0.01,0.01,0.02,0.02,0.01,0.01,0.02,0.01,0.01,0.01,0.01,0.01,0.02,0.01,0.01,0.01,0.01,0.01,0.01,0.02,0.01,0.02,0.02,0.02,0.01,0.01,0.01,0.01,0.01,0.02,0.02,0.02,0.02,0.01,0.02,0.01,0.01,0.02,0.02,0.02,0.01,0.01,0.01,0.01,0.01,0.02,0.02,0.02,0.01,0.02,0.01,0.01,0.01,0.01,0.01,0.01,0.01,0.01,0.01,0.02,0.01,0.01,0.02,0.02,0.01,0.01,0.01,0.02,0.01,0.01,0.01,0.01,0.01,0.01,0.01,+93.32,-39.72
R,21:20:00,21:24:34,0.00,0.09,0.01,0.07,0.11,0.10,0.16,0.10,0.16,0.22,0.29,0.29,0.25,0.31,0.25,0.30,0.35,0.34,0.35,0.39,0.32,0.39,0.36,0.29,0.22,0.16,0.31,0.27,0.21,0.19,0.12,0.16,0.16,0.11,0.12,0.11,0.09,0.20,0.06,0.09,0.05,0.05,-0.01,0.06,0.00,-0.04,-0.01,-0.12,-0.07,0.01,-0.16,-0.16,-0.02,-0.09,-0.20,-0.24,-0.21,-0.30,-0.32,-0.32,-0.30,-0.36,-0.34,-0.35,-0.25,-0.25,-0.32,-0.26,-0.31,-0.41,-0.43,-0.34,-0.47,-0.43,-0.47,-0.45,-0.45,-0.47,-0.37,-0.56,-0.56,-0.66,-0.61,-0.55,-0.61,-0.67,-0.67,-0.61,-0.62,-0.60,-0.62,-0.58,-0.65,-0.65,-0.58,-0.71,-0.56,-0.62,-0.65,-0.62,-0.61,-0.63,-0.46,-0.63,-0.68,-0.72,-0.75,-0.71,-0.71,-0.76,-0.78,-0.61,-0.66,-0.70,-0.73,-0.68,-0.77,-0.93,-0.84,-0.75,-0.77,-0.86,-0.82,-0.84,-0.89,-0.82,-0.89,-0.83,-0.84,-0.80,-0.81,-0.87,-0.84,-0.82,-0.78,-0.55,-0.82,-0.87,-0.87,-0.76,-0.73,-0.81,-0.78,-0.81,-0.82,+93.32,-39.72
L,21:30:00,21:34:33,0.01,0.02,0.02,0.02,0.01,0.01,0.01,0.01,0.01,0.01,0.02,0.02,0.02,0.02,0.02,0.02,0.02,0.01,0.02,0.02,0.01,0.01,0.01,0.01,0.01,0.02,0.01,0.02,0.01,0.02,0.01,0.01,0.02,0.01,0.01,0.02,0.01,0.02,0.02,0.01,0.01,0.01,0.02,0.02,0.02,0.02,0.01,0.01,0.02,0.01,0.01,0.02,0.01,0.01,0.01,0.01,0.01,0.01,0.02,0.01,0.01,0.01,0.02,0.01,0.01,0.01,0.01,0.01,0.01,0.01,0.01,0.01,0.01,0.01,0.01,0.01,0.01,0.01,0.01,0.01,0.01,0.01,0.01,0.02,0.01,0.01,0.01,0.02,0.01,0.01,0.02,0.01,0.01,0.01,0.01,0.01,0.01,0.01,0.02,0.02,0.02,0.01,0.01,0.01,0.01,0.02,0.01,0.01,0.01,0.02,0.01,0.01,0.01,0.02,0.02,0.01,0.01,0.02,0.01,0.01,0.02,0.02,0.01,0.01,0.01,0.02,0.01,0.01,0.01,0.02,0.01,0.01,0.01,0.01,0.01,0.01,0.01,0.02,0.02,0.02,0.01,0.02,0.01,0.01,0.01,+95.12,-41.56
R,21:30:00,21:34:33,-0.14,-0.17,-0.02,-0.07,-0.09,-0.01,0.04,0.11,0.17,0.10,0.15,0.19,0.27,0.22,0.21,0.35,0.34,0.34,0.26,0.29,0.48,0.29,0.29,0.40,0.31,0.34,0.30,0.30,0.25,0.26,0.34,0.22,0.25,0.19,0.31,0.30,0.32,0.25,0.27,0.27,0.24,0.22,0.27,0.17,0.19,0.17,0.06,0.11,0.17,0.07,0.19,0.16,0.14,0.09,0.09,0.05,0.07,0.05,-0.05,0.07,0.00,-0.01,0.05,0.06,0.01,0.06,0.06,0.01,0.11,0.07,-0.02,-0.01,-0.02,-0.05,-0.10,-0.11,0.01,0.01,-0.02,0.05,0.02,0.00,0.05,0.02,0.02,0.06,0.05,0.05,0.04,0.05,0.07,0.15,0.11,0.05,0.10,0.04,0.17,0.16,0.09,0.16,0.21,0.19,0.22,0.20,0.22,0.10,0.14,0.17,0.11,0.19,0.20,0.29,0.27,0.17,0.30,0.31,0.41,0.24,0.31,0.31,0.27,0.31,0.26,0.26,0.30,0.22,0.30,0.26,0.39,0.40,0.29,0.30,0.37,0.35,0.40,0.43,0.36,0.31,0.36,0.53,0.39,0.35,0.32,0.30,0.36,+95.12,-41.56
L,21:40:00,21:44:33,0.01,0.02,0.01,0.02,0.01,0.01,0.01,0.02,0.01,0.02,0.01,0.02,0.02,0.02,0.01,0.01,0.02,0.02,0.01,0.01,0.01,0.01,0.01,0.02,0.02,0.02,0.01,0.02,0.01,0.02,0.01,0.02,0.01,0.01,0.02,0.02,0.01,0.01,0.02,0.02,0.02,0.01,0.01,0.01,0.01,0.01,0.01,0.02,0.01,0.01,0.02,0.01,0.01,0.01,0.02,0.02,0.02,0.02,0.01,0.01,0.01,0.01,0.02,0.01,0.01,0.01,0.01,0.02,0.01,0.01,0.01,0.01,0.01,0.01,0.02,0.02,0.02,0.01,0.01,0.01,0.01,0.01,0.01,0.01,0.01,0.01,0.01,0.01,0.02,0.02,0.01,0.01,0.02,0.01,0.01,0.01,0.02,0.01,0.02,0.01,0.02,0.01,0.01,0.01,0.02,0.01,0.01,0.01,0.01,0.02,0.02,0.01,0.01,0.01,0.02,0.01,0.01,0.01,0.01,0.01,0.02,0.01,0.02,0.02,0.01,0.01,0.02,0.01,0.01,0.01,0.01,0.01,0.01,0.01,0.01,0.01,0.01,0.01,0.02,0.02,0.01,0.02,0.01,0.01,0.01,+96.98,-43.40
R,21:40:00,21:44:33,-0.11,-0.05,0.01,0.00,0.05,0.05,0.15,0.02,0.04,0.00,0.14,0.10,0.05,0.17,0.17,0.27,0.36,0.34,0.25,0.30,0.39,0.29,0.34,0.31,0.27,0.30,0.25,0.17,0.21,0.25,0.19,0.21,0.14,0.14,0.11,0.15,0.14,0.16,0.10,0.02,0.00,0.00,-0.05,-0.01,-0.09,-0.05,-0.07,-0.04,-0.02,-0.06,-0.06,-0.09,0.00,-0.11,-0.10,-0.11,-0.16,-0.16,-0.21,-0.19,-0.26,-0.30,-0.21,-0.16,-0.10,-0.10,-0.17,-0.22,-0.15,-0.25,-0.21,-0.29,-0.37,-0.30,-0.29,-0.34,-0.22,-0.25,-0.25,-0.25,-0.24,-0.36,-0.32,-0.36,-0.37,-0.39,-0.34,-0.27,-0.36,-0.29,-0.27,-0.17,-0.27,-0.31,-0.32,-0.34,-0.31,-0.22,-0.34,-0.25,-0.25,-0.22,-0.11,-0.22,-0.25,-0.20,-0.30,-0.35,-0.35,-0.26,-0.24,-0.15,-0.11,-0.15,-0.06,-0.19,-0.07,-0.22,-0.20,-0.20,-0.15,-0.21,-0.09,-0.15,-0.16,-0.12,-0.11,-0.11,-0.11,-0.10,-0.07,-0.15,-0.05,0.07,0.04,0.10,-0.02,-0.05,0.02,0.14,0.11,0.00,-0.02,0.02,0.04,+96.98,-43.40
L,21:50:00,21:54:34,0.02,0.01,0.01,0.02,0.02,0.02,0.02,0.02,0.02,0.01,0.01,0.02,0.02,0.02,0.02,0.01,0.02,0.01,0.02,0.01,0.02,0.01,0.02,0.02,0.01,0.01,0.01,0.01,0.01,0.02,0.01,0.01,0.01,0.01,0.01,0.01,0.02,0.02,0.01,0.01,0.01,0.01,0.01,0.01,0.02,0.01,0.01,0.01,0.02,0.01,0.01,0.02,0.01,0.01,0.01,0.01,0.01,0.01,0.01,0.02,0.01,0.01,0.01,0.01,0.01,0.01,0.01,0.01,0.01,0.01,0.01,0.01,0.01,0.01,0.01,0.01,0.02,0.01,0.01,0.02,0.01,0.01,0.01,0.01,0.01,0.01,0.01,0.01,0.01,0.01,0.02,0.01,0.01,0.01,0.01,0.01,0.01,0.02,0.01,0.02,0.02,0.01,0.01,0.01,0.01,0.01,0.01,0.01,0.01,0.02,0.01,0.01,0.01,0.01,0.01,0.01,0.01,0.02,0.02,0.01,0.01,0.02,0.01,0.01,0.01,0.01,0.01,0.02,0.02,0.01,0.01,0.01,0.01,0.01,0.01,0.02,0.02,0.01,0.02,0.01,0.02,0.01,0.01,0.01,0.01,+98.91,-45.23
R,21:50:00,21:54:34,-0.06,0.04,0.02,0.00,0.04,0.06,0.14,0.24,0.16,0.09,0.24,0.25,0.24,0.29,0.34,0.31,0.42,0.31,0.35,0.37,0.34,0.40,0.40,0.42,0.35,0.40,0.34,0.30,0.29,0.29,0.31,0.29,0.29,0.24,0.27,0.21,0.25,0.29,0.26,0.21,0.22,0.12,0.14,0.19,0.19,0.24,0.19,0.22,0.16,0.27,0.19,0.20,0.20,0.19,0.09,0.06,0.12,0.15,0.14,0.15,0.17,0.11,0.15,0.22,0.17,0.26,0.29,0.32,0.30,0.19,0.15,0.21,0.21,0.21,0.25,0.29,0.24,0.26,0.21,0.21,0.17,0.12,0.22,0.26,0.34,0.26,0.29,0.26,0.24,0.27,0.36,0.27,0.29,0.26,0.35,0.31,0.34,0.42,0.37,0.40,0.48,0.43,0.42,0.43,0.39,0.37,0.39,0.39,0.37,0.50,0.41,0.53,0.47,0.50,0.58,0.51,0.52,0.45,0.47,0.55,0.52,0.53,0.61,0.65,0.60,0.60,0.71,0.68,0.71,0.72,0.77,0.72,0.83,0.82,0.80,0.80,0.88,0.82,0.77,0.91,0.92,0.83,0.87,0.94,0.88,+98.91,-45.23
L,22:00:00,22:04:33,0.01,0.01,0.01,0.01,0.02,0.02,0.02,0.02,0.02,0.01,0.01,0.02,0.02,0.02,0.01,0.02,0.02,0.02,0.01,0.01,0.02,0.01,0.02,0.01,0.01,0.01,0.02,0.02,0.01,0.01,0.01,0.01,0.01,0.02,0.02,0.01,0.01,0.01,0.01,0.01,0.01,0.01,0.01,0.01,0.01,0.01,0.01,0.02,0.02,0.02,0.01,0.02,0.02,0.01,0.01,0.02,0.01,0.01,0.01,0.02,0.01,0.02,0.02,0.01,0.01,0.01,0.01,0.01,0.02,0.01,0.01,0.01,0.01,0.01,0.02,0.01,0.01,0.01,0.01,0.01,0.02,0.01,0.02,0.01,0.01,0.01,0.01,0.02,0.01,0.01,0.02,0.02,0.01,0.01,0.02,0.02,0.02,0.01,0.01,0.01,0.01,0.01,0.02,0.01,0.02,0.01,0.02,0.01,0.01,0.02,0.02,0.02,0.01,0.02,0.02,0.02,0.01,0.01,0.01,0.01,0.01,0.01,0.01,0.01,0.02,0.02,0.01,0.01,0.01,0.01,0.02,0.01,0.02,0.01,0.01,0.01,0.02,0.01,0.01,0.01,0.01,0.01,0.02,0.01,0.01,+100.93,-47.05
R,22:00:00,22:04:33,0.01,-0.06,0.02,0.02,0.02,-0.01,0.01,0.06,0.16,0.16,0.12,0.10,0.15,0.21,0.19,0.27,0.31,0.25,0.32,0.24,0.26,0.24,0.32,0.36,0.22,0.26,0.25,0.27,0.29,0.21,0.25,0.20,0.16,0.20,0.20,0.14,0.15,0.17,0.06,0.09,0.09,0.04,-0.01,-0.02,0.05,0.00,-0.06,-0.07,-0.12,0.00,-0.15,-0.05,0.02,-0.10,-0.21,-0.15,-0.15,-0.20,-0.25,-0.22,-0.20,-0.32,-0.29,-0.29,-0.26,-0.30,-0.12,-0.21,-0.35,-0.21,-0.26,-0.25,-0.41,-0.34,-0.39,-0.45,-0.42,-0.42,-0.39,-0.45,-0.45,-0.40,-0.50,-0.50,-0.45,-0.45,-0.46,-0.51,-0.50,-0.53,-0.51,-0.48,-0.56,-0.60,-0.53,-0.46,-0.57,-0.48,-0.51,-0.48,-0.52,-0.50,-0.47,-0.58,-0.48,-0.60,-0.62,-0.55,-0.58,-0.61,-0.65,-0.62,-0.65,-0.67,-0.70,-0.65,-0.70,-0.73,-0.77,-0.83,-0.81,-0.83,-0.83,-0.89,-0.86,-0.88,-0.77,-0.93,-0.94,-0.92,-0.93,-0.94,-0.93,-0.96,-0.91,-0.86,-1.02,-0.97,-0.99,-0.88,-1.12,-1.09,-1.17,-1.20,-1.24,+100.93,-47.05
L,22:10:00,22:14:34,0.01,0.02,0.02,0.01,0.01,0.01,0.02,0.01,0.01,0.01,0.01,0.02,0.02,0.02,0.02,0.02,0.02,0.01,0.02,0.02,0.01,0.01,0.01,0.01,0.01,0.01,0.02,0.01,0.01,0.01,0.01,0.01,0.02,0.01,0.01,0.01,0.02,0.01,0.02,0.02,0.01,0.02,0.02,0.01,0.01,0.02,0.01,0.01,0.01,0.01,0.01,0.02,0.01,0.02,0.02,0.01,0.01,0.01,0.02,0.01,0.01,0.01,0.01,0.01,0.01,0.01,0.01,0.01,0.01,0.01,0.01,0.01,0.01,0.01,0.01,0.01,0.01,0.01,0.01,0.01,0.01,0.01,0.01,0.01,0.01,0.02,0.02,0.01,0.01,0.01,0.01,0.02,0.02,0.01,0.01,0.02,0.01,0.01,0.02,0.01,0.01,0.02,0.01,0.01,0.01,0.01,0.01,0.02,0.01,0.02,0.02,0.01,0.01,0.01,0.01,0.01,0.01,0.01,0.01,0.01,0.02,0.01,0.01,0.01,0.01,0.01,0.01,0.01,0.02,0.01,0.01,0.01,0.02,0.01,0.01,0.01,0.01,0.01,0.01,0.02,0.01,0.01,0.02,0.01,0.01,+103.04,-48.85
R,22:10:00,22:14:34,-0.14,-0.11,-0.14,-0.10,-0.19,-0.04,-0.02,0.05,-0.05,0.02,0.05,0.10,0.07,0.17,0.09,0.15,0.11,0.07,0.07,0.06,0.19,0.16,0.15,0.14,0.12,0.16,0.09,0.15,0.06,0.05,0.02,0.01,-0.09,-0.10,-0.02,-0.06,-0.02,-0.05,-0.04,-0.10,-0.20,-0.21,-0.27,-0.29,-0.27,-0.21,-0.26,-0.26,-0.30,-0.31,-0.34,-0.36,-0.35,-0.40,-0.50,-0.47,-0.57,-0.53,-0.63,-0.60,-0.58,-0.63,-0.62,-0.66,-0.55,-0.60,-0.58,-0.58,-0.67,-0.78,-0.75,-0.67,-0.84,-0.87,-0.93,-0.91,-0.94,-0.93,-0.96,-0.97,-1.03,-1.06,-1.07,-0.99,-1.04,-1.11,-1.17,-1.06,-1.06,-1.13,-1.16,-1.09,-1.19,-1.17,-1.16,-1.17,-1.09,-1.19,-1.19,-1.20,-1.19,-1.20,-1.13,-1.24,-1.24,-1.27,-1.34,-1.32,-1.30,-1.37,-1.30,-1.20,-1.23,-1.32,-1.30,-1.30,-1.27,-1.37,-1.42,-1.43,-1.38,-1.38,-1.35,-1.32,-1.43,-1.42,-1.38,-1.42,-1.44,-1.38,-1.37,-1.44,-1.43,-1.34,-1.43,-1.22,-1.43,-1.49,-1.52,-1.38,-1.39,-1.57,-1.52,-1.57,-1.54,+103.04,-48.85
L,22:20:00,22:24:34,0.01,0.01,0.01,0.01,0.01,0.01,0.02,0.01,0.02,0.01,0.01,0.01,0.02,0.02,0.02,0.02,0.02,0.01,0.01,0.01,0.01,0.01,0.01,0.01,0.02,0.01,0.01,0.01,0.01,0.01,0.01,0.01,0.01,0.01,0.01,0.02,0.01,0.01,0.02,0.01,0.01,0.01,0.01,0.01,0.01,0.01,0.01,0.01,0.01,0.01,0.01,0.01,0.01,0.01,0.01,0.01,0.01,0.02,0.01,0.01,0.01,0.01,0.01,0.01,0.01,0.01,0.01,0.01,0.01,0.01,0.01,0.01,0.01,0.01,0.01,0.01,0.01,0.01,0.01,0.01,0.01,0.01,0.02,0.01,0.01,0.02,0.01,0.01,0.01,0.02,0.01,0.01,0.01,0.01,0.02,0.01,0.01,0.01,0.02,0.01,0.01,0.01,0.01,0.01,0.01,0.01,0.01,0.01,0.01,0.02,0.02,0.01,0.01,0.01,0.01,0.01,0.01,0.01,0.01,0.01,0.01,0.01,0.01,0.01,0.01,0.01,0.02,0.01,0.01,0.02,0.01,0.01,0.01,0.01,0.01,0.01,0.01,0.01,0.01,0.01,0.01,0.02,0.01,0.01,0.01,+105.25,-50.64
R,22:20:00,22:24:34,-0.21,-0.19,-0.11,-0.22,-0.05,-0.17,-0.07,-0.10,-0.04,-0.09,0.00,0.06,-0.06,-0.01,0.05,0.04,0.14,0.02,0.14,0.11,0.16,0.16,0.12,0.11,0.07,0.04,0.06,0.00,0.00,0.02,-0.01,-0.06,-0.10,-0.12,-0.07,-0.06,0.00,-0.04,-0.05,-0.05,-0.07,-0.10,-0.15,-0.17,-0.17,-0.29,-0.16,-0.16,-0.09,0.02,-0.16,-0.19,-0.20,-0.35,-0.26,-0.36,-0.31,-0.39,-0.36,-0.39,-0.37,-0.32,-0.32,-0.27,-0.29,-0.31,-0.27,-0.40,-0.27,-0.46,-0.41,-0.42,-0.43,-0.47,-0.55,-0.58,-0.53,-0.55,-0.56,-0.58,-0.60,-0.63,-0.68,-0.63,-0.71,-0.66,-0.67,-0.70,-0.68,-0.68,-0.66,-0.70,-0.67,-0.73,-0.70,-0.75,-0.70,-0.68,-0.73,-0.70,-0.63,-0.77,-0.77,-0.76,-0.80,-0.83,-0.87,-0.87,-0.83,-0.87,-0.82,-0.81,-0.83,-0.77,-0.83,-0.86,-0.78,-0.97,-0.93,-0.91,-0.93,-0.92,-0.93,-0.92,-0.97,-1.03,-0.99,-0.93,-0.97,-0.94,-0.93,-0.94,-0.93,-0.88,-0.88,-0.89,-1.03,-1.04,-0.98,-0.87,-0.93,-1.01,-1.06,-1.08,-1.02,+105.25,-50.64
L,22:30:00,22:34:34,0.01,0.02,0.01,0.01,0.01,0.01,0.02,0.01,0.01,0.01,0.01,0.01,0.02,0.02,0.02,0.01,0.02,0.02,0.02,0.01,0.02,0.02,0.01,0.01,0.01,0.01,0.01,0.02,0.01,0.02,0.01,0.01,0.01,0.01,0.01,0.01,0.01,0.01,0.01,0.02,0.01,0.01,0.01,0.01,0.01,0.01,0.01,0.01,0.02,0.01,0.01,0.02,0.01,0.02,0.02,0.01,0.01,0.02,0.01,0.02,0.01,0.01,0.01,0.01,0.01,0.01,0.01,0.01,0.01,0.01,0.01,0.01,0.01,0.01,0.01,0.01,0.01,0.01,0.01,0.01,0.01,0.01,0.01,0.01,0.01,0.02,0.02,0.01,0.01,0.01,0.01,0.01,0.01,0.01,0.01,0.01,0.01,0.02,0.01,0.01,0.01,0.01,0.01,0.01,0.01,0.01,0.01,0.01,0.01,0.01,0.02,0.01,0.01,0.01,0.01,0.01,0.01,0.01,0.01,0.01,0.01,0.01,0.01,0.01,0.01,0.01,0.01,0.01,0.01,0.01,0.01,0.01,0.01,0.01,0.01,0.01,0.01,0.01,0.01,0.01,0.02,0.02,0.01,0.01,0.01,+107.60,-52.42
R,22:30:00,22:34:34,-0.09,-0.06,0.00,-0.06,-0.01,0.07,0.05,0.19,0.07,0.05,0.07,0.10,0.11,0.19,0.14,0.27,0.26,0.22,0.32,0.37,0.40,0.31,0.37,0.35,0.37,0.46,0.32,0.34,0.27,0.21,0.24,0.21,0.19,0.16,0.22,0.21,0.21,0.10,0.21,0.10,0.09,0.05,0.04,0.07,0.10,0.11,0.02,-0.04,0.00,0.04,0.01,0.01,0.11,-0.05,-0.07,-0.05,-0.07,-0.10,-0.17,-0.07,-0.17,-0.19,-0.19,-0.11,-0.12,-0.11,-0.07,-0.17,-0.14,-0.17,-0.24,-0.17,-0.27,-0.27,-0.32,-0.25,-0.26,-0.17,-0.30,-0.29,-0.31,-0.37,-0.27,-0.31,-0.26,-0.40,-0.31,-0.43,-0.43,-0.35,-0.34,-0.43,-0.45,-0.42,-0.42,-0.47,-0.35,-0.43,-0.42,-0.29,-0.25,-0.41,-0.41,-0.40,-0.42,-0.43,-0.46,-0.51,-0.47,-0.45,-0.45,-0.48,-0.37,-0.40,-0.41,-0.45,-0.41,-0.50,-0.46,-0.43,-0.45,-0.51,-0.50,-0.47,-0.42,-0.47,-0.48,-0.52,-0.47,-0.51,-0.46,-0.43,-0.46,-0.45,-0.45,-0.30,-0.52,-0.42,-0.43,-0.34,-0.35,-0.52,-0.40,-0.50,-0.48,+107.60,-52.42
